1055
1031
1023
1047
1016
1023
1039
1039
992
1008
1055
1023
1016
1023
1031
1047
1023
1039
1047
1000
992
1000
1023
1000
1047
1062
1062
1055
1070
1070
1031
1031
1039
1039
1047
1047
1055
1031
1031
1070
1062
1039
1031
992
1000
1055
1008
1008
1016
1039
1023
1062
1078
1047
1008
1047
1008
1000
1016
1055
1070
1008
1031
1016
1008
1031
1031
1000
1039
1086
1047
1023
1055
1086
1086
1039
977
1016
1016
1047
1062
1070
1055
1023
1039
1039
1062
1102
1070
1031
1047
1047
1039
1039
1078
1055
1039
1070
1070
1086
1055
1109
1086
1102
1086
1078
1055
1039
1039
1023
1023
1062
1055
1078
1039
1031
1070
1086
1078
1109
1148
1102
1078
1125
1133
1062
1086
1086
1086
1055
1078
1094
1086
1062
1102
1055
1062
1078
1039
1000
1023
1023
1008
1000
1023
1023
1016
1023
1039
1047
1008
1086
1031
1031
1000
992
1016
1031
1031
1055
1062
1031
1008
1031
1055
1031
1000
1031
1055
1016
1047
1086
1039
1031
1070
1047
1039
1031
1039
1008
1023
1047
1062
1031
1070
1062
1070
1016
1023
1031
1016
1070
1062
1086
1031
1039
1055
1031
1039
1102
1086
1023
1047
1117
1062
1031
1023
1062
1039
1008
1078
1117
1039
1055
1070
1062
1039
1023
1070
1062
977
984
1023
1039
1023
1078
1055
1016
984
1023
1062
1078
1031
1086
1094
1086
1031
1102
1086
1047
1062
1148
1172
1070
1188
1117
969
883
844
836
820
836
859
906
961
992
1039
992
1000
1016
1008
992
1000
1023
1000
1008
1016
1055
1078
1062
1164
1141
1125
1109
1109
1094
1039
1156
1164
1078
1078
1062
1078
1023
1039
1133
1055
1062
984
1031
1031
1078
1094
1086
1039
1086
1078
1055
1078
1094
1078
1039
1047
1039
1023
1039
1094
1086
1055
1047
1102
1070
1047
1055
1031
1000
1023
1031
1062
1047
1039
1016
1039
1000
1062
1133
1125
1078
1094
1102
1055
1094
1109
1094
1023
1016
1031
1023
1008
1023
1023
1070
1078
1109
1047
1016
1078
1086
1078
1117
1133
1078
1125
1195
1227
1164
1164
1148
1102
1102
1094
1109
1102
1156
1133
1156
1203
1172
1156
1141
1102
1055
1086
1117
1125
1062
1070
1086
1047
1070
1094
1102
1047
1117
1125
1062
1141
1148
1109
1039
1062
1086
1047
1070
1094
1055
1102
1055
1023
1023
1047
1031
1000
1031
1000
961
938
938
891
930
992
1047
1055
1055
1094
1055
1023
1000
1078
1055
1055
1047
1102
1094
1070
1062
1070
1062
1031
1055
1023
1047
1055
1070
1055
1016
1078
1070
1070
1086
1094
1094
1055
1047
1109
1031
984
1055
1086
1078
1062
1133
1156
1039
1109
1133
1148
1031
1078
1070
1031
1070
1109
1117
1078
1055
1062
1047
1023
1062
1102
1070
1070
1023
1023
1039
1008
1078
1047
1047
1055
1094
1109
1102
1031
1086
1102
1102
1102
1133
1164
1109
977
922
898
945
1125
1172
1164
1172
1156
1094
1102
1172
1141
1148
1156
1117
1117
1047
1109
1109
1055
1023
1055
1102
1078
1070
1102
1102
1086
1086
1109
1094
1078
1070
1070
1055
1078
1070
1062
1070
1070
1062
1055
1078
1047
1047
961
945
977
984
1008
1008
977
961
1023
1023
1008
1000
1047
1070
1062
1031
1078
1055
1070
1125
1133
1078
1070
1102
1156
1117
1078
1055
1055
1094
1125
1188
1172
1156
1211
1172
1195
1125
1141
1133
1086
1086
1094
1109
1062
1141
1133
1109
1086
1109
1094
1078
1094
1086
1047
1078
1062
1039
1039
1055
1117
1141
1102
1102
1062
1016
1016
1016
1102
1125
1094
1148
1117
1102
1086
1094
1062
1062
1094
1141
1094
1086
1109
1062
1070
1102
1094
1102
1094
1125
1117
1180
1125
1141
1094
1039
1055
1078
1102
1094
1102
1102
1102
1117
1117
1219
1195
1172
1141
1141
1109
1078
1062
1047
1055
1055
1109
1070
1133
1125
1102
1070
1070
1070
1070
1062
1109
1133
1094
1086
1102
1102
1031
1078
1094
1172
1102
1148
1117
1125
1117
1148
1188
1164
1141
1117
1156
1078
1148
1094
1062
992
984
977
1016
1023
1102
1070
1055
1078
1062
1023
1062
1094
1047
1023
1109
1117
1086
1062
1102
1055
1031
1078
1078
1086
1070
1156
1094
1141
1141
1117
1047
1109
1141
1102
1039
1086
1070
1078
1102
1180
1078
1117
1086
1086
1102
1117
1117
1086
1102
1102
1062
1062
1102
1172
1141
1109
1094
938
883
852
828
828
852
875
891
867
922
953
898
891
914
945
984
977
992
1047
1078
1062
1102
1195
1281
1273
1289
1250
1273
1281
1266
1188
1180
1195
1172
1156
1219
1242
1203
1234
1242
1195
1180
1211
1172
1156
1180
1109
1094
1086
1078
1070
1148
1180
1102
1156
1195
1125
1125
1133
1164
1094
1062
1109
1078
1117
1102
1062
1125
1133
1141
1117
1141
1164
1125
1141
1117
1117
1094
1125
1023
992
992
1008
1016
1078
1094
1086
1039
1070
1086
1039
1062
1086
1023
1078
1125
1195
1148
1156
1148
1172
1109
1148
1148
1148
1070
1141
1102
1102
1133
1156
1133
1086
1180
1188
1102
1094
1078
1047
1016
1008
1062
1031
1055
1070
1039
1031
1078
1125
1094
1094
1117
1094
1078
1094
1164
1094
1078
1125
1078
1023
1047
1016
1062
1055
1102
1102
1055
1117
1086
1047
1000
1047
1016
1000
1016
1047
1078
1023
1047
1062
1039
1094
1109
1125
1047
1039
1031
1039
1016
1125
1102
1102
1102
1117
1133
1086
1117
1188
1148
1156
1156
1109
1070
1062
1109
1070
1125
1125
1109
1055
1102
1141
1102
1102
1125
1094
1070
1094
1102
1086
1070
1133
1117
1109
1047
1109
1141
1094
1109
1156
1180
1086
1102
1078
1078
945
906
898
883
898
938
1031
1062
1102
1070
1031
984
1062
1062
1031
1047
1117
1078
1109
1125
1125
1109
1188
1211
1133
1055
984
1000
1102
1250
1211
1078
1133
1172
1125
1070
1094
1133
1141
1172
1164
1141
1164
1156
1102
1078
1109
1109
1055
1055
1047
1023
1008
1047
992
930
867
852
852
906
883
859
844
820
812
789
758
766
758
742
750
742
742
742
734
727
727
719
711
727
711
719
719
719
719
727
719
719
711
719
727
719
734
750
742
750
742
758
766
781
766
773
805
852
883
867
844
812
797
781
773
789
805
828
820
844
914
984
992
1070
1086
1023
1000
1023
1078
1031
1078
1070
1070
1039
1062
1086
1008
1070
1055
1039
984
1023
1008
1031
1023
1039
1031
1023
1055
1016
1008
1023
1031
1023
1000
1031
1047
1039
1031
1055
1117
1016
1070
1055
1055
1047
1109
1070
1008
1125
1102
1023
1094
1078
1023
1109
1133
1062
1086
1070
1039
1008
1094
1102
1039
1164
1133
1062
1117
1094
1062
1094
1070
1055
1086
1102
1062
1172
1102
1055
1109
1117
1078
1133
1188
1086
1117
1125
1117
1125
1141
1141
1188
1180
1125
1148
1164
1102
1141
1148
1102
1109
1109
1094
1117
1164
1078
1117
1141
1078
1141
1156
1117
1164
1188
1117
1172
1180
1117
1172
1172
1141
1188
1164
1141
1172
1133
1133
1133
1125
1125
1125
1117
1078
1125
1148
1086
1125
1109
1086
1156
1141
1156
1172
1141
1102
1078
1102
1047
1102
1148
1078
1133
1148
1133
1156
1195
1125
1156
1117
1094
1102
1125
1094
1133
1164
1133
1148
1172
1086
1133
1156
1125
1211
1141
1156
1203
1148
1117
1156
1188
1133
1234
1195
1125
1188
1164
1188
1250
1148
1117
1188
1172
1242
1242
1219
1242
1164
1094
1125
1172
1133
1156
1172
1125
1180
1164
1109
1227
1164
1141
1188
1195
1172
1109
1156
1188
1117
1133
1156
1156
1164
1180
1172
1164
1203
1156
1156
1156
1156
1156
1172
1164
1125
1141
1156
1109
1148
1148
1133
1195
1156
1102
1094
1148
1133
1117
1172
1148
1172
1203
1172
1125
1148
1117
1125
1172
1141
1117
1164
1148
1164
1156
1148
1117
1156
1164
1094
1180
1195
1172
1164
1234
1203
1203
1117
1180
1203
1164
1211
1180
1125
1180
1234
1141
1109
1164
1148
1164
1234
1141
1086
1109
1164
1141
1164
1141
1117
1141
1234
1078
1141
1195
1117
1227
1180
1117
1188
1195
1164
1125
1219
1141
1078
1094
1148
1055
1070
1141
1109
1094
1211
1086
1062
1102
1141
1094
1078
1117
1141
1070
1219
1133
1125
1125
1289
1133
1117
1141
1156
1117
1156
1211
1242
1195
1180
1180
1047
1039
1086
1047
1078
1141
1117
1078
1195
1172
1133
1094
1117
1117
1070
1117
1156
1094
1102
1094
1117
1062
1125
1172
1141
1141
1039
984
922
875
906
977
1164
1211
1133
1117
1164
1180
1141
1148
1227
1148
1258
1273
1195
1266
1188
1289
1250
1219
1219
1234
1156
1156
1242
1234
1148
1234
1289
1219
1211
1211
1195
1219
1195
1164
1188
1180
1172
1188
1180
1156
1141
1148
1117
1188
1117
1125
1117
1188
1141
1156
1180
1172
1117
1172
1172
1055
969
953
922
984
1070
1148
1180
1273
1258
1188
1195
1234
1188
1172
1234
1219
1273
1273
1203
1227
1172
1125
1008
992
1031
1031
1211
1227
1211
1281
1234
1156
1211
1234
1148
1211
1164
1148
1234
1141
1172
1117
1227
1148
1133
1156
1172
1078
1094
1133
1070
1133
1156
1125
1148
1172
1180
1125
1133
1133
1094
1086
1102
1102
1125
1117
1148
1148
1109
1133
1133
1078
1133
1180
1188
1141
1211
1211
1141
1148
1180
1172
1141
1203
1141
1102
1117
1156
1125
1156
1188
1117
1094
1125
1109
1070
1094
1109
1133
1102
1180
1172
1102
1086
1164
1109
1055
1086
1086
1023
969
930
891
875
914
977
1086
1148
1086
1086
1109
1141
1094
1109
1062
1047
1055
1195
1203
1086
1164
1250
1141
1234
1195
1117
1102
1148
1125
1195
1250
1195
1203
1227
1164
1148
1156
1188
1172
1219
1219
1188
1188
1188
1148
1172
1180
1156
1109
1133
1164
1188
1195
1227
1219
1172
1219
1195
1109
1109
1102
1055
1078
1125
1156
1086
1117
1164
1133
1180
1188
1148
1133
1164
1141
1102
1141
1141
1133
1109
1133
1125
1102
1125
1164
1172
1125
1141
1141
1102
1094
1070
1086
1094
1117
1133
1109
1109
1125
1109
1109
1156
1203
1141
1148
1133
1117
1125
1109
1109
1031
1062
1047
1016
1078
1156
1133
1188
1219
1164
1195
1203
1156
1164
1188
1156
1227
1195
1172
1141
1195
1188
1195
1211
1109
1188
1164
1125
1094
1094
1109
1164
1164
1117
1141
1109
1125
1078
1156
1211
1219
1195
1156
1094
1109
1125
1141
1250
1227
1188
1227
1203
1188
1141
1266
1250
1164
1195
1180
1156
1156
1242
1195
1180
1211
1195
1164
1203
1211
1172
1195
1180
1172
1156
1125
1156
1070
1109
1148
1125
1188
1164
1141
1094
1000
977
1023
1102
1156
1156
1180
1172
1141
1164
1102
1109
1141
1172
1188
1172
1172
1094
1047
1055
1086
1109
1164
1148
1188
1203
1188
1156
1172
1188
1188
1195
1172
1117
1148
1141
1156
1102
1164
1180
1211
1234
1195
1172
1086
1094
1141
1117
1070
1102
1102
1109
1172
1102
1086
1109
1141
1148
1156
1172
1109
1125
1148
1156
1086
1125
1156
1148
1125
1148
1156
1117
1078
1062
1070
1047
1070
1109
1094
1109
1086
1164
1141
1227
1203
1125
1125
1156
1133
1102
1133
1164
1172
1133
1141
1172
1086
1039
1070
1023
1070
1125
1133
1203
1211
1133
1078
1109
1109
1109
1109
1102
1148
1203
1211
1219
1250
1242
1203
1211
1211
1172
1188
1195
1203
1164
1109
1117
1078
1070
1086
1117
1086
1117
1141
1188
1148
1180
1188
1125
1156
1164
1141
1141
1180
1203
1125
1172
1172
1133
1086
1109
1125
1109
1109
1117
1141
1133
1156
1164
1148
1094
1070
1102
1039
1125
1172
1148
1195
1203
1188
1188
1141
1141
1195
1188
1133
1172
1188
1141
1172
1180
1148
1125
1164
1148
1102
1172
1172
1203
1148
1180
1141
1188
1195
1148
1109
1094
1062
1094
1148
1164
1172
1219
1188
1141
1133
1195
1203
1156
1172
1195
1109
1156
1188
1172
1188
1250
1188
1203
1234
1172
1188
1188
1148
1164
1188
1172
1125
1148
1148
1094
1109
1141
1164
1094
1156
1117
1023
1000
1016
1039
1023
1039
1062
1102
1117
1109
1133
1195
1156
1172
1125
1094
1102
1117
1078
1078
1125
1156
1133
1172
1211
1133
1180
1172
1148
1125
1164
1148
1117
1141
1148
1109
1141
1156
1148
1172
1211
1125
1156
1156
1148
1109
1164
1156
1133
1125
1086
1062
1117
1227
1148
1242
1195
1164
1148
1156
1172
1102
1133
1141
1109
1141
1148
1125
1180
1180
1125
1117
1133
1133
1062
1133
1164
1156
1211
1148
1125
1148
1164
1133
1125
1172
1148
1172
1102
1172
1172
1109
1219
1164
1062
1055
1078
1039
1102
1164
1242
1234
1219
1156
1125
1125
1086
1102
1125
1047
1047
1086
1148
1133
1164
1172
1133
1148
1188
1125
1109
1148
1078
1102
1117
1195
1141
1172
1172
1141
1180
1195
1180
1156
1141
1148
1195
1211
1156
1125
1156
1141
1109
1156
1133
1133
1094
1141
1211
1180
1109
1133
1117
1148
1078
1141
1195
1133
1164
1164
1070
1109
1070
1039
1047
1055
1117
1164
1219
1172
1172
1172
1156
1148
1172
1148
1148
1195
1188
1148
1125
1133
1094
1117
1125
1117
1141
1188
1172
1172
1242
1203
1195
1156
1148
1070
1141
1117
1125
1141
1172
1141
1156
1141
1117
1117
1117
1109
1133
1117
1094
1133
1148
1117
1086
1109
1109
1086
1086
1117
1117
1016
1008
1039
1062
1133
1211
1180
1156
1188
1156
1117
1133
1156
1125
1109
1141
1156
1156
1117
1156
1164
1125
1133
1156
1141
1156
1180
1148
1109
1125
1109
1117
1156
1180
1141
1172
1188
1133
1141
1172
1180
1172
1211
1156
1086
1102
1094
1117
1102
1125
1125
1102
1141
1180
1133
1164
1148
1125
1070
1117
1188
1148
1227
1227
1172
1133
1188
1188
1109
1094
1039
969
969
1039
1164
1234
1227
1234
1156
1188
1172
1125
1164
1180
1148
1164
1172
1133
1156
1148
1133
1172
1211
1078
1055
1086
1094
1078
1078
1117
1047
1039
1102
1133
1133
1164
1133
1133
1125
1148
1102
1148
1180
1141
1164
1133
1109
1023
1039
1023
1000
1016
1039
1023
1047
1047
1094
1117
1148
1094
1109
1078
1062
1062
1086
1156
1094
1117
1094
1078
1156
1156
1172
1164
1164
1141
1109
1133
1141
1141
1141
1164
1180
1133
1156
1141
1133
1148
1164
1148
1023
953
953
953
1070
1156
1203
1250
1227
1148
1211
1172
1125
1156
1156
1133
1180
1156
1219
1188
1234
1258
1250
1227
1211
1180
1117
1141
1172
1156
1234
1203
1164
1133
1109
1133
1117
1164
1203
1117
1141
1188
1141
1109
1180
1188
1172
1195
1227
1180
1219
1242
1203
1234
1188
1125
1133
1141
1094
1078
1141
1141
1102
1133
1172
1133
1133
1188
1164
1125
1102
1094
1086
1031
1055
1102
1117
1094
1133
1109
1047
1086
1086
1070
1062
1023
1039
1008
1070
1102
1102
1148
1188
1156
1109
1195
1172
1125
1172
1180
1156
1164
1156
1133
1078
1078
1078
1062
1016
1039
1117
1133
1156
1195
1188
1156
1195
1195
1164
1188
1172
1133
1109
1070
1016
953
953
984
1023
1094
1133
1234
1234
1211
1227
1203
1203
1211
1211
1195
1148
1156
1141
1117
1141
1102
1125
1109
1172
1141
1117
1070
1086
1086
1086
1125
1133
1109
1055
1070
1070
1109
1133
1102
1125
1148
1148
1125
1164
1148
1086
1125
1156
1078
1039
1031
1031
1008
1094
1094
1086
1148
1102
1102
1117
1102
1133
1133
1125
1086
1133
1102
1055
1078
1094
1031
1055
1078
1047
1109
1102
1117
1109
1133
1148
1109
1109
1117
1086
1070
1109
1109
1109
1133
1141
1117
1125
1172
1180
1234
1227
1203
1195
1203
1172
1125
1141
1148
1133
1117
1117
1078
1086
1117
1133
1219
1180
1156
1133
1156
1148
1156
1156
1156
1117
1172
1188
1164
1133
1070
1078
1133
984
1035
1086
1102
1070
1039
1078
1117
1125
1188
1188
1164
1156
1133
1188
1117
1180
1156
1117
1164
1164
1141
1172
1133
1070
1070
1070
1102
1094
1148
1164
1180
1164
1195
1203
1133
1172
1148
1117
1148
1203
1211
1188
1203
1188
1133
1172
1148
1133
1070
1086
1117
1086
1102
1164
1164
1148
1188
1180
1125
1117
1141
1109
1055
1102
1062
1031
1039
1062
1039
1109
1172
1117
1148
1102
1070
1086
1094
1078
1094
1125
1078
1086
1125
1047
1062
1070
1102
1062
1086
1109
1086
1125
1133
1133
1078
1102
1117
1086
1117
1141
1148
1070
1094
1117
1086
1117
1172
1164
1133
1180
1164
1141
1188
1195
1141
1156
1180
1141
1117
1133
1117
1094
1109
1180
1141
1109
1086
1078
1008
1039
1117
1094
1133
1133
1141
1102
1117
1109
1062
1086
1133
1133
1109
1109
1141
1086
1156
1211
1180
1219
1219
1195
1180
1211
1164
1219
1172
1148
1094
1055
1016
977
961
1000
1055
1125
1156
1219
1188
1156
1156
1148
1094
1125
1102
1078
1094
1109
1102
1109
1133
1172
1148
1141
1180
1125
1148
1148
1141
1094
1094
1117
1125
1125
1148
1141
1109
1172
1156
1117
1141
1164
1109
1102
1102
1109
1086
1094
1125
1141
1125
1156
1156
1117
1102
1117
1125
1094
1141
1156
1117
1203
1211
1164
1125
1125
1109
1094
1117
1125
1086
1117
1141
1148
1086
1070
1062
1078
1070
1094
1086
1078
1109
1094
1078
1117
1117
1086
1094
1102
1086
1094
1117
1086
1062
1078
1117
1094
1125
1180
1164
1148
1188
1188
1125
1148
1188
1133
1109
1125
1148
1094
1156
1180
1094
1102
1094
1125
1109
1141
1094
1039
1109
1109
1125
1094
1078
1062
1055
1086
1086
1070
1094
1109
1039
1047
1078
1117
1109
1125
1141
1117
1203
1188
1172
1180
1195
1203
1109
1117
1094
1078
1062
1102
1117
1109
1117
1164
1156
1156
1156
1125
1109
1125
1164
1102
1109
1156
1055
1055
1055
1078
1117
1164
1172
1125
1141
1141
1133
1094
1133
1125
1102
1141
1203
1141
1188
1172
1164
1172
1195
1148
1094
1086
1109
1086
1125
1148
1117
1117
1172
1195
1180
1188
1195
1172
1141
1211
1180
1133
1180
1172
1125
1094
1094
1070
1078
1094
1156
1164
1250
1242
1211
1227
1203
1164
1133
1133
1102
1141
1164
1094
1109
1164
1141
1078
1117
1141
1102
1141
1180
1156
1102
1117
1156
1141
1148
1148
1117
1125
1133
1156
1164
1203
1164
1102
1109
1102
1039
1039
1086
1109
1094
1078
1102
1062
1055
1078
1070
1086
1094
1094
1094
1078
1102
1141
1109
1148
1094
1086
1070
1117
1102
1141
1133
1109
1109
1148
1148
1102
1109
1062
1070
1070
1141
1109
1102
1125
1148
1125
1102
1133
1133
1062
1094
1141
1086
1055
1062
1086
1125
1125
1172
1133
1117
1133
1102
1086
1117
1141
1117
1086
1102
1156
1109
1109
1156
1188
1109
1109
1141
1094
1109
1125
1125
1078
1125
1117
1070
1117
1117
1141
1062
1164
1133
1102
1117
1117
1016
984
992
1008
1047
1133
1102
1078
1102
1078
1109
1164
1133
1156
1172
1164
1148
1180
1180
1109
953
984
1047
1094
1156
1180
1148
1133
1180
1102
1055
1039
1062
1039
1102
1055
945
922
891
883
844
852
836
820
805
805
789
781
766
758
750
742
742
727
719
703
711
695
688
688
695
688
695
703
719
766
820
883
875
969
1148
1305
1234
1148
1156
1156
1188
1219
1258
1188
1117
1109
961
984
1039
1180
1102
1125
1062
1164
1172
1156
1133
1141
1148
1180
1148
1180
1188
1039
992
984
977
1047
1180
1203
1195
1156
1148
1133
1141
1047
1000
969
992
1031
1188
1195
1180
1195
1172
1148
1219
1195
1133
1195
1102
1148
1125
1117
1164
1164
1133
1133
1008
945
961
1008
992
1094
1125
1102
1133
1109
1102
1102
1055
1047
1000
977
1008
1023
1000
1000
1039
1039
1133
1141
1164
1203
1172
1203
1211
1117
1125
1102
1102
1086
1094
1047
1039
984
969
1023
1094
1047
1016
1008
977
1016
1078
1078
1109
1125
1133
1109
1133
1102
1141
1133
1094
1125
1148
1102
1109
1102
1031
1031
1070
1078
1047
1047
1055
1062
1062
1031
1078
1141
1094
1094
1117
1109
1039
1047
1016
1000
1031
1070
1094
1141
1188
1164
1188
1156
1109
1055
1039
1094
1086
1070
1016
969
1016
1031
1047
1094
1133
1094
1133
1055
1031
1055
1062
1062
1023
1023
1016
969
961
953
1039
1023
1016
1086
1125
1141
1117
1109
1086
1109
1117
1109
1117
1078
992
930
891
930
961
1016
1008
1078
1180
1156
1164
1086
1086
1062
1086
1102
1078
1117
1094
1086
1047
977
992
1000
1047
1062
1141
1156
1133
1094
1172
1148
1156
1156
1141
1094
1109
1086
1055
1047
1039
1016
969
1133
1164
1055
1148
1195
1125
1109
1102
1102
1125
1125
1109
1070
1102
1125
1078
1055
1094
1039
961
922
930
938
953
1055
1070
1047
1102
1133
1164
1109
1078
1062
1070
1078
1055
1055
1062
1109
1125
1156
1172
1133
1109
1133
1117
1070
1094
1023
1031
992
1023
1055
1086
1156
1164
1148
1148
1102
1125
1086
1102
1148
1109
1094
1133
1164
1125
1117
1078
1070
1086
1102
1086
1078
1109
1102
1102
1141
1141
1109
1086
1047
1031
984
1000
1016
1055
1039
1062
1078
1078
1008
930
914
938
1008
1148
1172
1203
1195
1133
1133
1125
1094
1062
1078
1047
1008
977
1031
1086
1211
1203
1172
1172
1172
1164
1172
1164
1125
1172
1141
1133
1148
1125
1023
961
945
984
1008
1133
1227
1148
1141
1172
1117
1172
1141
1141
1156
1164
1109
1078
1070
1102
1047
1078
1016
984
1047
1094
977
969
1008
1086
1180
1172
1125
1086
1094
1102
1086
1125
1078
1078
1125
1141
1156
1133
1141
1062
1070
1094
1062
1062
1062
1047
1008
984
953
969
1031
1086
1031
992
1000
1055
1055
1078
1094
1109
992
945
914
914
930
1000
1016
1094
1125
1086
1133
1094
1031
961
930
922
945
1008
1031
1133
1164
1148
1211
1188
1156
1164
1148
1125
1148
1156
1094
1070
1055
1039
1062
1125
1133
1094
1102
1148
1172
1125
1156
1141
1125
1109
1109
1055
1016
1055
1102
1094
1094
1148
1172
1117
1078
1055
953
930
953
1016
1047
1078
1117
1078
1125
1148
1133
1141
1086
1062
1086
1086
992
953
992
1055
1117
1195
1195
1203
1180
1164
1203
1203
1195
1188
1188
1180
1133
1156
1125
1094
1109
1133
1016
969
977
1008
984
1055
1094
1062
1086
1078
1031
1078
1016
891
852
812
797
789
766
758
758
750
742
734
734
734
750
766
766
781
773
781
789
797
812
867
898
922
961
1008
1078
1133
1188
1180
1195
1195
1164
1133
1078
1047
1070
1094
1094
1070
1094
1102
1094
1000
945
914
945
1094
1133
1133
1086
1055
1047
1109
1094
1141
1109
1070
1008
1031
1094
1141
1164
1117
1109
1031
1008
992
1023
1023
1109
1125
1180
1133
1141
1133
1086
1086
1117
1086
1086
1086
930
883
852
828
805
797
812
820
922
1016
1023
1070
1117
1109
1008
984
992
1016
1055
1133
1211
1227
1219
1234
1211
1195
1219
1227
1180
1180
1195
1195
1180
1141
1141
1078
1047
1000
1000
1023
1008
992
1062
1023
1102
1148
1070
1117
1117
1086
1109
1117
1062
1039
1055
1039
1078
1102
1125
1117
1172
1188
1109
1094
1055
1039
1047
1008
992
977
977
1023
1008
1000
1016
1031
1016
977
938
938
969
992
977
977
1023
1039
1094
1133
1070
977
977
1023
1039
1086
1141
1141
1148
1188
1156
1078
1047
1008
938
906
945
1016
1039
1094
1125
1133
1102
1125
1133
1086
1102
1109
1078
1094
1086
1047
1047
1008
992
992
1039
1094
1109
1172
1172
1148
1164
1180
1125
1141
1117
1078
1047
1047
1031
961
969
930
914
867
902
857
812
781
773
773
797
789
789
781
781
766
766
750
742
742
734
719
719
711
711
727
766
859
930
961
1047
1148
1133
1164
1219
1180
1172
1211
1195
1086
1102
1070
1016
1141
1195
1164
1164
1211
1156
1023
992
961
977
1047
1031
1062
1055
1188
1062
945
1031
1078
1062
1203
1211
1156
1203
1102
1031
1102
992
953
930
1031
1156
1195
1242
1133
1078
1141
1141
1070
1203
1188
1125
1117
1250
1117
1125
1164
1188
1102
1141
1180
1078
1148
1086
1047
1055
1039
1000
984
1031
1055
1000
984
1031
1062
1062
1055
1062
1047
1023
1000
1078
1094
1031
1055
1172
1086
1016
1070
1109
1086
1297
1219
1109
1117
1133
1141
1102
1109
1016
930
930
977
1133
1180
1195
1336
1156
1031
1000
1109
1062
1109
1320
1180
1148
1164
1125
1258
1180
1078
1055
1117
1094
1031
1133
1102
1109
1211
1250
1125
1125
1086
992
961
945
992