1352
1305
1375
1320
1383
1352
1344
1281
1367
1312
1367
1281
1312
1227
1250
1234
1242
1273
1234
1297
1234
1312
1266
1266
1227
1281
1281
1242
1289
1219
1281
1234
1258
1281
1211
1227
1156
1125
1117
1109
1125
1141
1102
1133
1133
1109
1156
1164
1164
1234
1266
1312
1344
1305
1297
1273
1281
1305
1281
1328
1312
1336
1320
1273
1344
1328
1328
1328
1297
1328
1281
1305
1320
1266
1328
1297
1305
1297
1320
1359
1305
1320
1281
1289
1328
1266
1305
1289
1320
1367
1320
1367
1328
1383
1398
1367
1391
1398
1352
1391
1375
1383
1375
1312
1305
1297
1281
1227
1180
1156
1188
1219
1234
1281
1305
1273
1312
1258
1258
1273
1234
1234
1172
1156
1141
1133
1109
1125
1094
1086
1078
1062
1039
1055
1086
1094
1141
1164
1227
1289
1258
1305
1273
1281
1281
1234
1297
1273
1266
1281
1266
1312
1219
1406
1297
1258
1312
1312
1422
1398
1398
1422
1336
1367
1375
1367
1344
1336
1336
1336
1414
1383
1430
1391
1406
1336
1336
1367
1336
1422
1375
1344
1359
1328
1359
1328
1312
1320
1305
1344
1359
1398
1422
1383
1367
1258
1242
1172
1141
1117
1172
1242
1273
1359
1359
1352
1391
1383
1383
1352
1289
1367
1344
1383
1352
1359
1367
1344
1391
1406
1438
1508
1406
1375
1328
1383
1367
1359
1367
1359
1391
1375
1359
1336
1320
1320
1211
1219
1227
1211
1266
1234
1250
1266
1234
1266
1234
1203
1234
1195
1227
1227
1234
1289
1305
1352
1375
1359
1367
1391
1367
1344
1367
1359
1359
1367
1344
1367
1383
1352
1344
1367
1352
1367
1383
1328
1352
1344
1281
1312
1289
1258
1258
1188
1188
1188
1156
1211
1266
1250
1336
1281
1328
1266
1281
1297
1234
1281
1266
1328
1359
1367
1398
1336
1359
1383
1352
1344
1352
1312
1336
1336
1320
1367
1398
1391
1391
1383
1320
1352
1344
1312
1367
1367
1375
1414
1383
1391
1336
1367
1383
1344
1375
1375
1320
1375
1352
1320
1406
1375
1359
1375
1352
1383
1359
1336
1375
1375
1344
1398
1375
1391
1383
1320
1336
1352
1305
1359
1359
1383
1398
1336
1320
1336
1297
1328
1352
1359
1406
1406
1375
1438
1375
1367
1320
1266
1289
1281
1281
1328
1359
1305
1359
1391
1383
1430
1406
1445
1406
1336
1312
1320
1305
1375
1406
1406
1422
1391
1398
1383
1344
1391
1430
1336
1320
1344
1312
1406
1398
1398
1406
1438
1414
1391
1328
1367
1383
1352
1453
1438
1320
1305
1250
1195
1297
1398
1547
1531
1539
1539
1461
1438
1422
1359
1359
1359
1328
1367
1406
1383
1430
1438
1438
1445
1438
1477
1445
1336
1320
1320
1320
1422
1484
1492
1422
1414
1430
1391
1383
1359
1352
1312
1242
1242
1203
1305
1352
1555
1547
1500
1445
1336
1344
1297
1227
1227
1195
1164
1266
1398
1383
1500
1484
1445
1461
1430
1430
1391
1328
1289
1344
1367
1352
1344
1336
1336
1383
1367
1406
1438
1414
1453
1445
1422
1398
1406
1367
1336
1375
1398
1445
1445
1414
1414
1375
1367
1383
1359
1367
1391
1359
1398
1391
1383
1375
1383
1391
1391
1352
1391
1375
1391
1375
1305
1328
1305
1250
1273
1289
1289
1359
1383
1422
1453
1398
1398
1398
1312
1320
1336
1289
1336
1320
1328
1336
1289
1273
1320
1312
1336
1398
1352
1445
1414
1406
1438
1430
1367
1328
1273
1297
1281
1227
1250
1203
1281
1289
1336
1328
1219
1266
1242
1414
1570
1484
1562
1477
1500
1461
1391
1391
1359
1359
1438
1453
1414
1445
1414
1391
1398
1320
1336
1367
1344
1406
1523
1414
1438
1344
1430
1547
1414
1430
1445
1398
1430
1352
1430
1367
1203
1250
1398
1531
1664
1562
1625
1621
1617
1508
1406
1422
1312
1188
1273
1281
1227
1305
1320
1336
1398
1359
1383
1422
1383
1477
1453
1375
1461
1469
1438
1484
1406
1469
1422
1414
1492
1461
1523
1477
1297
1234
1156
1227
1203
1312
1367
1484
1570
1562
1484
1359
1398
1352
1320
1391
1375
1375
1414
1383
1398
1430
1391
1469
1484
1383
1477
1430
1445
1461
1398
1453
1398
1352
1422
1445
1398
1359
1336
1359
1453
1391
1469
1539
1430
1453
1414
1414
1484
1430
1461
1453
1359
1477
1523
1398
1445
1422
1461
1500
1469
1477
1414
1398
1406
1406
1438
1461
1398
1461
1484
1430
1469
1445
1391
1422
1398
1391
1383
1367
1328
1367
1328
1305
1320
1324
1414
1344
1367
1352
1359
1367
1359
1375
1359
1336
1375
1375
1352
1359
1297
1312
1336
1305
1406
1406
1391
1445
1422
1414
1391
1391
1438
1445
1391
1438
1445
1414
1445
1406
1422
1422
1430
1391
1398
1367
1430
1438
1391
1438
1414
1406
1391
1359
1406
1352
1297
1312
1289
1312
1367
1367
1367
1375
1336
1320
1297
1258
1297
1297
1250
1297
1312
1273
1344
1352
1328
1375
1375
1312
1375
1383
1344
1312
1234
1258
1250
1227
1281
1227
1234
1336
1336
1367
1375
1312
1344
1344
1289
1320
1297
1297
1336
1320
1344
1359
1367
1383
1406
1367
1414
1445
1422
1531
1492
1508
1508
1461
1477
1477
1406
1461
1414
1406
1406
1375
1406
1406
1383
1422
1375
1422
1414
1406
1406
1391
1430
1414
1367
1406
1391
1406
1406
1367
1391
1375
1312
1320
1344
1312
1367
1367
1359
1359
1344
1352
1367
1312
1328
1344
1305
1281
1258
1234
1281
1273
1273
1305
1281
1344
1367
1352
1359
1297
1328
1336
1281
1336
1352
1305
1344
1320
1297
1320
1281
1266
1227
1195
1211
1156
1219
1234
1266
1375
1391
1391
1414
1375
1383
1367
1320
1375
1375
1234
1219
1180
1164
1141
1102
1102
1078
1039
1031
1055
1086
1086
1133
1188
1172
1188
1156
1141
1148
1172
1211
1359
1469
1422
1492
1523
1484
1484
1430
1422
1438
1438
1445
1461
1422
1359
1398
1398
1359
1398
1367
1336
1352
1320
1344
1383
1305
1359
1367
1312
1336
1336
1305
1352
1336
1359
1375
1328
1320
1312
1266
1312
1289
1250
1242
1273
1219
1250
1297
1266
1344
1320
1281
1305
1312
1281
1289
1305
1281
1328
1344
1344
1367
1289
1273
1273
1227
1297
1344
1305
1359
1406
1336
1336
1320
1305
1305
1242
1250
1242
1242
1289
1312
1281
1336
1367
1320
1359
1375
1289
1344
1336
1312
1297
1367
1234
1297
1352
1344
1414
1391
1367
1359
1273
1266
1281
1234
1258
1328
1328
1445
1477
1430
1430
1383
1375
1391
1328
1297
1305
1297
1297
1305
1305
1297
1344
1328
1352
1391
1344
1359
1383
1344
1359
1344
1336
1375
1391
1320
1359
1344
1312
1352
1336
1328
1359
1336
1383
1398
1359
1344
1359
1289
1305
1281
1258
1328
1328
1328
1328
1281
1281
1281
1203
1266
1312
1297
1352
1328
1305
1336
1289
1297
1289
1266
1266
1211
1156
1258
1320
1320
1344
1344
1391
1414
1344
1367
1352
1344
1375
1344
1375
1398
1344
1359
1367
1250
1250
1273
1219
1273
1320
1398
1461
1406
1492
1430
1375
1398
1375
1359
1383
1336
1359
1383
1352
1414
1438
1391
1438
1422
1383
1398
1359
1344
1367
1367
1398
1461
1391
1438
1406
1398
1406
1320
1383
1352
1281
1336
1352
1367
1344
1289
1320
1312
1266
1359
1430
1430
1484
1438
1484
1461
1383
1383
1367
1375
1406
1391
1430
1453
1398
1391
1398
1320
1352
1398
1391
1422
1422
1430
1469
1422
1438
1430
1344
1375
1336
1383
1422
1391
1398
1391
1344
1430
1430
1406
1430
1375
1398
1430
1383
1414
1383
1375
1430
1414
1422
1445
1398
1477
1469
1398
1398
1375
1320
1375
1344
1375
1383
1336
1398
1398
1406
1453
1422
1461
1391
1367
1445
1430
1375
1406
1391
1422
1469
1414
1461
1438
1445
1461
1414
1367
1328
1320
1359
1328
1359
1406
1328
1375
1398
1398
1367
1359
1336
1391
1414
1461
1461
1406
1422
1406
1344
1367
1367
1320
1383
1391
1391
1445
1414
1422
1414
1352
1445
1406
1414
1461
1391
1422
1438
1391
1422
1422
1375
1430
1367
1398
1367
1344
1367
1328
1391
1414
1375
1484
1453
1477
1492
1406
1414
1461
1414
1469
1453
1438
1430
1398
1430
1453
1398
1469
1484
1438
1461
1438
1398
1414
1359
1359
1375
1328
1391
1430
1469
1469
1383
1375
1367
1391
1445
1414
1414
1398
1344
1398
1391
1344
1422
1391
1367
1430
1367
1391
1430
1383
1422
1336
1297
1305
1211
1281
1320
1430
1445
1398
1414
1406
1453
1445
1336
1312
1289
1305
1445
1383
1477
1516
1500
1555
1484
1469
1445
1383
1438
1406
1445
1516
1477
1500
1430
1258
1297
1273
1273
1367
1352
1391
1438
1344
1367
1406
1344
1328
1289
1266
1352
1344
1320
1438
1469
1359
1460
1562
1438
1305
1320
1289
1312
1344
1305
1406
1445
1391
1492
1414
1406
1367
1320
1359
1375
1281
1344
1383
1297
1344
1359
1320
1375
1328
1375
1383
1328
1383
1344
1312
1359
1320
1320
1352
1305
1344
1352
1281
1312
1305
1234
1312
1352
1352
1375
1336
1336
1391
1336
1422
1414
1328
1383
1391
1312
1367
1336
1328
1391
1344
1336
1398
1352
1375
1391
1312
1367
1391
1297
1352
1391
1336
1406
1344
1281
1312
1336
1266
1344
1320
1367
1453
1328
1367
1289
1305
1352
1281
1383
1422
1359
1484
1422
1391
1391
1328
1406
1453
1375
1422
1391
1312
1359
1312
1281
1344
1352
1312
1352
1344
1320
1367
1297
1375
1391
1312
1383
1383
1305
1352
1375
1320
1406
1414
1375
1430
1375
1336
1367
1312
1328
1344
1289
1344
1367
1305
1352
1320
1352
1383
1305
1375
1383
1281
1336
1336
1289
1375
1352
1289
1359
1375
1297
1344
1328
1289
1328
1312
1289
1281
1250
1305
1344
1281
1344
1320
1250
1297
1281
1266
1320
1320
1266
1344
1273
1352
1430
1297
1352
1336
1336
1414
1297
1359
1375
1328
1383
1367
1281
1266
1297
1320
1289
1406
1359
1445
1469
1391
1477
1438
1414
1406
1359
1422
1414
1398
1422
1367
1414
1406
1367
1383
1367
1391
1477
1414
1352
1297
1273
1305
1273
1367
1570
1523
1523
1391
1367
1367
1281
1359
1312
1273
1289
1273
1398
1391
1320
1375
1344
1359
1367
1328
1359
1359
1312
1367
1383
1320
1367
1328
1289
1328
1297
1352
1422
1320
1375
1391
1344
1430
1398
1344
1398
1336
1344
1312
1312
1375
1367
1414
1508
1414
1461
1414
1344
1438
1383
1344
1461
1445
1438
1438
1367
1359
1344
1281
1359
1367
1359
1430
1383
1414
1414
1336
1305
1312
1242
1297
1336
1273
1352
1336
1320
1406
1336
1375
1359
1297
1297
1398
1367
1320
1383
1359
1336
1391
1328
1359
1383
1312
1383
1344
1305
1344
1344
1336
1367
1289
1336
1328
1273
1297
1359
1273
1328
1305
1227
1258
1234
1258
1383
1305
1344
1336
1281
1344
1367
1320
1383
1367
1281
1312
1266
1328
1359
1352
1406
1406
1297
1320
1320
1266
1297
1289
1242
1305
1312
1289
1375
1367
1336
1359
1336
1297
1352
1336
1273
1312
1273
1305
1336
1297
1359
1367
1305
1320
1328
1312
1391
1375
1367
1406
1359
1391
1391
1352
1352
1375
1305
1359
1367
1297
1398
1422
1375
1461
1430
1383
1414
1359
1398
1406
1336
1383
1406
1328
1430
1414
1344
1445
1406
1375
1422
1461
1500
1547
1539
1570
1508
1391
1422
1406
1344
1391
1375
1336
1391
1383
1406
1453
1391
1398
1383
1344
1422
1336
1312
1344
1305
1258
1258
1188
1203
1141
1141
1141
1109
1195
1211
1258
1336
1320
1383
1375
1281
1320
1281
1227
1258
1242
1211
1266
1273
1312
1359
1305
1344
1375
1312
1344
1336
1344
1383
1359
1383
1375
1312
1367
1391
1320
1375
1352
1289
1352
1320
1289
1367
1367
1336
1336
1320
1344
1391
1297
1344
1352
1266
1344
1328
1273
1383
1391
1344
1422
1367
1352
1492
1414
1422
1430
1312
1367
1398
1281
1320
1305
1328
1375
1305
1305
1328
1312
1383
1328
1289
1312
1250
1289
1312
1281
1344
1375
1344
1422
1391
1336
1375
1352
1344
1367
1312
1359
1375
1336
1359
1344
1312
1328
1344
1328
1320
1258
1242
1289
1234
1289
1344
1258
1336
1336
1281
1359
1344
1367
1375
1336
1367
1391
1367
1352
1469
1398
1414
1406
1305
1398
1367
1266
1320
1344
1305
1367
1352
1352
1312
1258
1336
1375
1359
1461
1406
1367
1414
1367
1367
1438
1383
1477
1516
1414
1516
1414
1398
1398
1312
1383
1406
1312
1367
1352
1328
1367
1328
1375
1383
1297
1305
1344
1281
1328
1305
1328
1344
1289
1336
1344
1281
1336
1359
1289
1305
1242
1164
1156
1188
1141
1148
1180
1148
1133
1133
1039
1023
977
938
945
945
969
977
953
945
930
922
883
891
922
922
953
992
1031
1070
1070
1102
1062
1070
1055
1023
1062
1031
984
1031
1047
1055
1047
1148
1227
1227
1297
1297
1203
1250
1305
1297
1133
1078
1000
969
930
867
859
820
773
773
781
828
883
945
1328
1344
1312
1297
1266
1055
1227
1086
1086
1102
1133
1180
1156
1117
1117
1125
1188
1188
1141
1086
1141
1258
1211
1164
1227
1273
1344
1344
1367
1438
1359
1297
1312
1344
1344
1375
1367
1250
1188
1172
1102
1062
1094
1180
1195
1117
1102
1055
1047
1031
1074
1117
1008
1055
1094
1164
1336
1406
1344
1398
1430
1336
1477
1461
1414
1477
1492
1461
1484
1500
1461
1414
1281
1328
1266
1016
1344
1375
1438
1477
1445
1375
1422
1438
1414
1406
1414
1508
1484
1391
1352
1289
1211
1203
1172
1086
1031
992
938
898
883
844
836
844
836
875
1023
1156
1219
1164
1188
1172
1141
1156
1156
1125
1133
1188
1148
1219
1266
1219
1242
1281
1410
1539
1422
1422
1445
1344
1438
1445
1438
1562
1492
1492
1297
1062
1257
1453
1484
1461
1516
1453
1406
1375
1438
1258
1461
1375
1273
1445
1453
1328
1516
1516
1492
1539
1469
1500
1461
1641
1570
1508
1398
1570
1344
1258
1461
1422
1539
1469
1469
1391
1125
1422
1305
1406
1414
1367
1469
1398
1406
1305
1375
1281
1391
1336
1383
1359
1305
1352
1289
1344
1320
1344
1359
1297
1422
1500
1492
1453
1438
1516
1469
1539
1414
1367
1359
1492
1273
1406
1414
1547
1695
1578
1609
1531
1523
1492
1375
1391
1406
1297
1305
1305
1391
1328
1375
1398
1344
1383
1328
1383
1336
1406
1422
1398
1539
1492
1430
1289
1484
1406
1445
1383
1484
1469
1539
1547
1266
1477
1484
1430
1484
1461
1398
1445
1406
1395
1456
1516
1453
1445
1477
1391
1500
1500
1430
1461
1453
1453
1422
1383
1398
1328
1359
1352
1312
1367
1344
1406
1406
1344
1414
1367
1391
1383
1367
1391
1414
1328
1320
1352
1336
1266
1281
1227
1211
1297
1336
1266
1375
1430
1352
1438
1438
1367
1414
1430
1461
1484
1266
1531
1589
1648
1695
1688
1656
1648
1602
1523
1609
1469
1484
1461
1461
1391
1438
1222
1445
1312
1312
1305
1383
1461
1516
1508
1398
1438
1391
1438
1422
1359
1492
1414
1391
1414
1383
1430
1461
1438
1430
1453
1406
1461
1438
1383
1406
1398
1414
1430
1383
1438
1453
1422
1445
1398
1477
1445
1398
1430
1414
1484
1484
1188
1609
1625
1477
1453
1430
1422
1367
1367
1359
1398
1438
1492
1227
1469
1445
1273
1344
1406
1352
1422
1406
1391
1438
1414
1414
1414
1250
1375
1422
1406
1461
1477
1438
1469
1461
1477
1500
1438
1492
1477
1422
1469
1453
1477
1523
1461
1605
1603
1602
1617
1570
1547
1453
1297
1297
1227
1219
1305
1352
1445
1539
1492
1523
1484
1406
1430
1383
1391
1453
1398
1297
1469
1414
1438
1406
1453
1367
1383
1406
1359
1414
1406
1367
1445
1422
1414
1453
1375
1438
1430
1383
1477
1430
1422
1500
1492
1516
1547
1453
1539
1477
1477
1492
1422
1438
1477
1461
1570
1578
1539
1523
1406
1477
1516
1500
1539
1547
1516
1508
1398
1484
1516
1492
1531
1430
1461
1438
1391
1367
1281
1297
1273
1344
1266
1250
1234
1156
1203
1180
1227
1234
1172
1266
1312
1305
1414
1500
1562
1633
1617
1656
1516
1469
1477
1438
1570
1609
1664
1652
1641
1633
1570
1602
1492
1609
1539
1461
1516
1461
1469
1500
1438
1484
1477
1391
1438
1422
1391
1387
1382
1422
1562
1508
1547
1516
1484
1383
1273
1266
1211
1250
1422
1539
1633
1617
1500
1562
1492
1469
1438
1438
1500
1469
1469
1445
1613
1580
1564
1547
1562
1477
1391
1398
1414
1477
1508
1445
1277
1555
1586
1555
1578
1586
1492
1555
1469
1453
1430
1383
1406
1430
1445
1516
1445
1469
1500
1414
1461
1414
1414
1453
1391
1430
1445
1344
1398
1367
1312
1383
1359
1398
1430
1352
1438
1430
1336
1320
1320
1297
1406
1438
1438
1453
1414
1477
1469
1391
1445
1469
1406
1461
1492
1422
1484
1461
1336
1367
1336
1258
1328
1367
1391
1664
1555
1570
1531
1438
1453
1469
1414
1453
1406
1414
1438
1406
1477
1531
1469
1477
1492
1430
1508
1398
1281
1398
1383
1344
1453
1477
1469
1500
1391
1453
1438
1336
1406
1398
1320
1453
1461
1445
1469
1453
1383
1383
1336
1344
1344
1320
1352
1359
1375
1383
1422
1352
1273
1273
1258
1289
1336
1312
1344
1320
1352
1344
1242
1258
1234
1180
1195
1234
1141
1242
1250
1219
1336
1367
1273
1344
1375
1297
1367
1398
1328
1383
1422
1328
1398
1438
1352
1367
1375
1305
1344
1352
1289
1289
1266
1258
1367
1422
1359
1414
1414
1367
1391
1297
1344
1266
1250
1305
1344
1328
1438
1438
1328
1367
1336
1266
1305
1320
1336
1336
1344
1359
1352
1383
1359
1312
1320
1250
1266
1258
1188
1242
1281
1227
1289
1258
1211
1250
1227
1172
1242
1258
1227
1297
1297
1281
1344
1289
1234
1258
1250
1219
1328
1305
1258
1383
1359
1289
1367
1344
1289
1367
1406
1328
1383
1359
1273
1398
1461
1438
1586
1453
1555
1367
1273
1312
1352
1312
1406
1406
1391
1430
1453
1461
1383
1414
1367
1273
1320
1312
1234
1305
1289
1195
1273
1266
1172
1266
1258
1188
1227
1250
1195
1273
1289
1250
1367
1398
1344
1406
1375
1305
1328
1328
1336
1414
1398
1398
1430
1336
1367
1352
1258
1328
1305
1258
1312
1266
1312
1297
1266
1320
1320
1305
1344
1336
1289
1328
1297
1312
1375
1336
1328
1352
1312
1266
1297
1297
1219
1266
1312
1297
1391
1438
1383
1422
1320
1375
1352
1312
1336
1320
1328
1328
1273
1250
1250
1234
1203
1234
1227
1148
1227
1219
1180
1258
1305
1273
1375
1359
1375
1320
1273
1281
1289
1297
1305
1320
1375
1336
1336
1375
1320
1328
1320
1281
1312
1250
1266
1242
1305
1320
1312
1375
1297
1289
1211
1148
1156
1094
1125
1109
1156
1148
1133
1203
1195
1148
1211
1141
1078
1125
1133
1078
1180
1195
1164
1305
1328
1281
1352
1203
1234
1250
1188
1258
1305
1258
1336
1375
1312
1359
1406
1281
1305
1266
1211
1234
1195
1266
1250
1305
1328
1273
1297
1281
1219
1273
1250
1203
1250
1242
1195
1273
1234
1258
1242
1188
1242
1258
1250
1289
1320
1281
1320
1297
1258
1211
1234
1266
1180
1281
1305
1234
1297
1328
1234
1281
1250
1203
1180
1211
1156
1148
1125
1078
1094
1062
1125
1219
1195
1250
1234
1328
1344
1242
1297
1273
1242
1273
1289
1328
1422
1391
1492
1531
1406
1453
1406
1391
1367
1312
1359
1367
1336
1391
1406
1359
1430
1359
1383
1352
1320
1328
1281
1344
1352
1289
1391
1344
1312
1375
1289
1312
1336
1281
1328
1297
1352
1281
1344
1320
1383
1422
1367
1430
1328
1344
1352
1250
1289
1281
1203
1273
1273
1234
1273
1188
1188
1172
1180
1195
1328
1438
1406
1375
1586
1531
1461
1336
1320
1266
1234
1250
1219
1172
1172
1219
1219
1328
1359
1305
1320
1203
1219
1234
1180
1250
1352
1312
1508
1430
1391
1328
1281
1266
1258
1312
1250
1289
1273
1227
1297
1305
1297
1281
1297
1281
1305
1258
1273
1273
1234
1250
1227
1180
1227
1180
1203
1219
1164
1195
1219
1148
1211
1195
1234
1273
1250
1312
1328
1258
1242
1219
1148
1172
1172
1156
1164
1125
1086
1094
1078
1102
1141
1117
1172
1148
1141
1164
1125
1117
1117
1109
1062
1062
1023
1031
1055
1016
1070
1094
1086
1133
1141
1086
1156
1125
1117
1125
1117
1094
1102
1117
1086
1141
1109
1109
1102
1070
1102
1102
1117
1141
1141
1188
1219
1156
1227
1219
1125
1164
1141
1102
1125
1102
1141
1141
1148
1125
1164
1125
1148
1180
1148
1102
1086
1070
1062
1070
1062
1102
1125
1125
1141
1164
1148
1172
1141
1156
1117
1172
1094
1141
1148
1109
1164
1141
1180
1180
1148
1164
1133
1117
1148
1125
1125
1125
1109
1156
1094
1133
1102
1047
1047
1039
1023
1102
1070
1109
1133
1070
1125
1133
1070
1141
1125
1055
1102
1078
1023
1078
1109
1078
1227
1289
1320
1305
1367
1297
1328
1289
1297
1242
1281
1305
1258
1258
1352
1227
1336
1297
1312
1336
1281
1242
1289
1273
1258
1305
1234
1227
1297
1211
1266
1289
1234
1258
1219
1234
1266
1227
1258
1258
1188
1250
1266
1219
1281
1250
1258
1281
1203
1234
1219
1211
1242
1234
1266
1242
1273
1305
1211
1250
1172
1148
1188
1203
1102
1141
1133
1102
1141
1141
1094
1141
1164
1109
1188
1180
1117
1141
1172
1109
1188
1188
1172
1211
1211
1156
1203
1195
1156
1211
1180
1164
1211
1203
1195
1281
1273
1250
1289
1242
1219
1211
1180
1195
1180
1203
1250
1219
1266
1266
1297
1336
1281
1336
1258
1305
1281
1266
1258
1234
1250
1242
1273
1305
1281
1328
1258
1320
1281
1289
1266
1227
1242
1234
1250
1273
1289
1312
1234
1281
1219
1242
1250
1156
1203
1219
1188
1234
1203
1242
1188
1211
1203
1172
1156
1102
1133
1117
1109
1141
1148
1117
1164
1117
1203
1156
1164
1117
1117
1102
1070
1117
1172
1148
1211
1227
1188
1227
1234
1172
1188
1141
1164
1148
1164
1211
1156
1234
1211
1274
1320
1250
1172
1141
1203
1234
1258
1336
1297
1305
1250
1102
1094
1047
781
867
953
922
930
930
914
891
898
875
844
836
797
773
766
766
789
844
945
1031
1234
1320
1344
1508
1500
1375
1430
1422
1547
1609
1508
1602
1570
1414
1258
1516
1586
1445
1625
1531
1582
1633
1484
1586
1508
1523
1531
1445
1445
1430
1453
1508
1430
1430
1422
1359
1383
1383
1352
1328
1281
1266
1281
1242
1360
1312
1367
1297
1367
1336
1273
1352
1375
1445
1453
1367
1414
1422
1469
1351
1516
1477
1383
1391
1289
1250
1312
1414
1461
1531
1516
1469
1391
1312
1336
1328
1258
1297
1312
1297
1344
1367
1273
1289
1266
1102
1453
1320
1266
1328
1297
1320
1367
1336
1367
1344
1273
1266
1203
1211
1188
1148
1219
1211
1227
1344
1344
1328
1367
1297
1320
1281
1188
1219
1211
1164
1242
1297
1297
1336
1367
1352
1375
1352
1281
1297
1305
1297
1336
1430
1383
1438
1414
1391
1430
1352
1359
1438
1320
1352
1336
1273
1367
1367
1297
1344
1344
1250
1305
1289
1242
1297
1320
1289
1359
1336
1289
1336
1297
1211
1258
1305
1234
1297
1312
1297
1367
1398
1320
1285
1430
1430
1297
1242
1297
1344
1320
1352
1375
1344
1398
1391
1297
1344
1289
1227
1312
1328
1328
1422
1352
1367
1352
1250
1273
1266
1211
1266
1289
1242
1289
1312
1258
1312
1320
1273
1297
1305
1266
1289
1289
1242
1273
1297
1289
1344
1367
1352
1391
1320
1406
1383
1312
1398
1391
1453
1438
1336
1383
1430
1336
1383
1398
1336
1289
1320
1328
1234
1219
1180
1188
1180
1164
1180
1227
1297
1289
1383
1430
1383
1414
1383
1344
1352
1281
1273
1289
1242
1266
1289
1281
1258
1273
1305
1258
1328
1367
1320
1391
1383
1344
1406
1383
1320
1375
1398
1336
1406
1391
1273
1328
1406
1383
1375
1391
1375
1398
1336
1391
1344
1258
1312
1297
1227
1289
1336
1289
1367
1406
1344
1383
1391
1336
1383
1398
1391
1352
1312
1328
1312
1211
1266
1289
1273
1367
1422
1375
1430
1391
1375
1352
1367
1219
1234
1305
1375
1297
1273
1406
1414
1328
1391
1391
1336
1391
1352
1273
1422
1383
1422
1367
1359
1438
1492
1398
1445
1438
1359
1391
1359
1258
1289
1266
1234
1344
1336
1422
1516
1430
1461
1484
1445
1305
1227
1164
1141
1102
1133
1172
1148
1258
1305
1289
1422
1391
1359
1375
1359
1312
1305
1250
1234
1258
1273
1305
1312
1320
1312
1352
1344
1320
1344
1383
1297
1367
1367
1320
1320
1328
1266
1344
1359
1312
1367
1328
1305
1344
1320
1297
1328
1352
1234
1305
1297
1250
1305
1320
1289
1336
1375
1312
1352
1359
1297
1312
1234
1266
1242
1188
1211
1234
1359
1359
1375
1461
1531
1445
1391
1367
1320
1336
1297
1312
1312
1242
1320
1375
1328
1383
1398
1207
1375
1367
1422
1383
1453
1633
1586
1492
1383
1422
1438