1102
1078
1250
1211
1180
1055
1055
1164
1188
1141
1094
1031
1172
1219
1195
1109
1047
1164
1188
1188
1148
1078
1227
1227
1172
1078
977
1125
1133
1156
1062
1039
1117
1172
1180
1102
1039
1180
1211
1172
1086
992
1172
1164
1148
1047
977
1156
1211
1195
1047
961
1047
1188
1172
1117
1109
1234
1203
1172
1047
945
1062
1125
1031
938
938
1273
1266
1188
1172
1281
1234
1195
1102
1102
1211
1203
1156
1070
961
891
1094
1156
1180
1102
1234
1250
1211
1094
1102
1180
1164
1047
938
1062
1234
1219
1133
1195
1203
1172
1117
1055
1188
1180
1172
1117
1086
1180
1203
1156
1109
1070
1219
1219
1156
1047
1078
1172
1188
1148
1109
1062
1172
1188
1141
1078
1047
1211
1195
1172
1133
1039
1156
1203
1172
1086
1031
1094
1102
1016
930
914
1211
1211
1164
1094
1250
1266
1195
1086
1125
1211
1195
1141
1086
1078
1195
1211
1188
1102
1023
1133
1227
1172
1078
1078
1242
1258
1148
1078
1094
1172
1195
1156
1109
1195
1211
1195
1109
1109
1219
1188
1117
1055
1195
1219
1180
1094
1039
1195
1203
1188
1117
1047
1211
1211
1188
1133
1016
1156
1195
1180
1141
1109
1188
1242
1180
1062
1109
1188
1203
1156
1086
1055
1188
1234
1156
1070
1062
1164
1188
1109
1047
1164
1211
1180
1133
1008
1195
1219
1195
1094
1023
1180
1188
1141
1086
1180
1195
1195
1125
1109
1195
1203
1141
1047
1047
1180
1195
1156
1055
1031
1203
1234
1195
1102
1023
1148
1109
1078
1047
1195
1203
1164
1023
1016
1180
1234
1195
1086
1078
1203
1211
1164
1117
1141
1156
1148
1039
1062
1211
1203
1133
1086
1180
1164
1156
1055
1055
1195
1195
1109
1102
1133
1156
1102
1078
1203
1258
1203
1070
977
1188
1188
1172
1102
1094
1219
1188
1117
1039
1180
1180
1148
1039
1055
1203
1195
1148
1070
1062
1203
1219
1203
1141
1125
1234
1234
1203
1133
1109
1172
1164
1188
1094
1109
1180
1203
1125
1102
1219
1203
1125
1086
1203
1219
1180
1086
1086
1219
1203
1156
1062
1047
1195
1195
1141
1047
1094
1219
1211
1117
1055
1234
1250
1203
1141
1320
1305
1242
1125
1133
1297
1273
1203
1117
1133
1188
1195
1117
1016
1180
1219
1164
1086
1023
1195
1203
1211
1109
1094
1203
1227
1164
1078
969
1195
1211
1180
1086
1047
1180
1219
1141
1047
1156
1219
1148
1109
1023
1219
1242
1180
1062
1039
1180
1180
1109
1016
1227
1203
1172
1094
1047
1219
1172
1125
1047
1031
1234
1234
1148
992
1094
1242
1219
1070
1039
1188
1211
1125
1008
1219
1266
1164
1109
1102
1234
1234
1164
1117
1195
1219
1188
1086
1039
1219
1195
1164
1031
1039
1188
1234
1172
1023
984
1195
1133
1117
1016
1039
1195
1227
1180
1125
1227
1219
1180
1078
1094
1156
1195
1148
1094
1062
1047
1039
977
984
1172
1242
1188
1148
1164
1125
1047
1023
1273
1273
1211
1164
1242
1109
1062
922
844
875
945
930
914
898
883
898
898
883
797
750
758
742
727
734
711
719
727
719
742
734
727
727
758
828
992
1047
984
969
1172
1234
1227
1117
1023
1180
1266
1164
1234
1375
1336
1180
1188
1336
1258
1094
1125
1266
1266
1180
1023
1094
1258
1242
1141
1023
1219
1328
1172
1062
1008
1312
1242
1094
1055
1234
1242
1164
953
953
1289
1273
1141
1016
1141
1211
1164
1055
1031
1164
1227
1156
1062
1102
1234
1219
1109
1102
1242
1297
1242
1133
1148
1219
1234
1188
1062
1094
1180
1219
1156
1070
1102
1227
1219
1180
1062
992
1164
1250
1133
1023
953
1156
1219
1164
1078
1055
1219
1234
1172
1094
1117
1109
1156
1102
1047
1211
1266
1211
1133
1016
1227
1234
1141
1000
969
1234
1227
1180
1047
1047
1227
1234
1148
1047
1180
1266
1227
1141
1047
1164
1203
1180
1086
1008
1180
1195
1180
1086
969
1203
1289
1242
1156
1055
1148
1195
1164
969
883
1180
1266
1227
1125
1125
1227
1258
1172
1047
1078
1219
1188
1164
1109
1062
1180
1219
1172
1078
1109
1289
1258
1172
1062
1008
1125
1109
1000
984
1273
1297
1203
1078
1094
1195
1227
1133
1023
930
1164
1250
1258
1133
1031
1188
1234
1172
1062
945
1133
1242
1234
1070
953
1180
1180
1188
1164
1055
1031
1250
1266
1203
1086
961
1164
1227
1180
1086
1031
1180
1172
1156
1047
1078
1172
1227
1180
1094
984
1203
1234
1211
1125
1078
1070
1172
1141
1062
1031
1180
1203
1188
1086
1094
1195
1203
1172
1109
1094
1227
1234
1172
1094
1070
1148
1188
1117
1031
1094
1266
1234
1195
1102
1102
1180
1172
1156
1070
1031
1211
1203
1156
1133
1164
1141
1109
1133
1273
1297
1258
1148
1141
1250
1266
1188
1109
1047
1195
1203
1109
1055
1102
1273
1203
1133
1156
1180
1141
1008
930
1078
1242
1172
1078
1094
1117
1148
1156
1086
1078
1141
1211
1156
1109
1086
1203
1227
1195
1094
1094
1211
1219
1156
1125
1172
1172
1172
1094
1102
1195
1219
1172
1109
1070
1211
1188
1125
1039
1172
1211
1227
1148
1133
1188
1258
1211
1117
1094
1172
1195
1117
1070
1133
1227
1148
1086
1055
1188
1211
1188
1070
1000
1180
1203
1102
1000
1008
1273
1258
1234
1125
1078
1203
1219
1172
1117
1023
1195
1203
1203
1086
1094
1180
1242
1172
1133
1125
1203
1195
1133
1070
1195
1203
1164
1055
1125
1227
1203
1141
1047
1039
1188
1234
1203
1102
1016
1203
1227
1203
1117
1039
1180
1195
1164
1062
984
1188
1258
1219
1133
1047
1203
1211
1172
1117
1062
1156
1133
1125
1070
1039
1203
1242
1188
1117
1070
1188
1234
1195
1117
1078
1195
1234
1156
1055
1234
1234
1219
1148
1008
1180
1242
1211
1125
1117
1250
1289
1211
1133
1055
1195
1258
1219
1141
1031
1211
1234
1242
1141
1078
1211
1234
1203
1109
1062
1234
1234
1164
1109
1086
1266
1250
1195
1109
1008
1141
1211
1219
1117
1070
1203
1242
1203
1109
1070
1219
1242
1211
1133
1055
1195
1227
1195
1102
1070
1211
1250
1195
1117
1070
1195
1227
1180
1125
1047
1016
1227
1227
1172
1133
1180
1328
1320
1203
1102
1250
1266
1203
1109
1062
1133
1172
1078
1000
1281
1305
1195
1070
1070
1258
1203
1125
1023
1023
1273
1242
1164
1047
1016
1305
1273
1195
1109
1062
1281
1250
1172
1062
1008
1141
1195
1133
1102
1094
1266
1234
1109
1008
1266
1273
1203
1094
1047
1234
1266
1156
1055
1008
1172
1234
1148
1031
1000
1234
1305
1188
1078
1016
1125
1250
1250
1117
1000
1227
1258
1211
1133
1125
1234
1250
1203
1047
961
1039
1273
1242
1156
1047
1039
1203
1219
1148
1055
1031
1172
1227
1172
1102
1055
1164
1234
1172
1102
1031
1234
1242
1156
1039
953
1258
1258
1195
1109
1047
1227
1188
1109
1023
1086
1203
1219
1102
1070
1211
1188
1078
961
1102
1273
1188
1031
930
1047
1227
1195
1062
984
1188
1242
1180
1055
1000
1078
1250
1180
1070
1023
1102
1211
1125
1047
1016
1273
1195
1070
961
969
1281
1227
1117
977
945
922
984
969
922
930
1297
1305
1188
1117
1148
1211
1172
1047
938
938
1281
1234
1188
1062
992
1164
1211
1148
1070
914
1180
1227
1195
1102
1000
1250
1266
1203
1078
1055
1055
1188
1164
1125
1109
1141
1188
1180
1125
1070
1211
1211
1148
1086
1047
1156
1203
1125
1055
1000
1070
1180
1141
1039
898
898
1172
1148
1039
906
859
1016
1273
1188
1062
922
961
1141
1133
1047
930
844
914
1297
1203
1133
1016
1031
1031
961
914
977
1031
945
930
1211
1102
1070
992
914
906
1031
1109
1016
922
969
1148
1031
961
875
914
969
930
906
984
992
945
906
1055
1102
1000
891
852
875
922
875
836
805
797
836
1008
938
828
820
820
953
922
859
820
812
883
984
945
867
812
812
859
914
898
969
914
945
953
1016
1039
977
922
953
977
977
945
906
1008
1039
1023
945
914
945
1039
1078
984
938
969
1047
1078
1008
969
1070
1148
1039
938
883
961
1305
1133
969
859
836
891
1039
961
859
852
961
1062
1031
906
844
828
836
1016
1086
969
930
1117
1203
1164
1062
1023
1047
1117
1070
977
984
1047
1125
1094
1023
1008
1109
1094
1102
1055
992
977
1188
1141
1047
1000
1016
1195
1141
1070
1000
1039
1148
1109
1055
992
1148
1141
1078
984
938
969
1039
1008
945
953
984
961
914
867
844
867
875
867
867
836
820
836
914
1062
1000
914
922
1070
1070
1047
969
891
922
977
914
891
891
891
953
1180
1195
1141
1094
1031
992
1008
1039
1000
914
914
1000
1062
1016
953
1023
1164
1102
1023
1086
1117
1094
1062
1016
1133
1125
1023
938
906
1023
1172
1109
1055
1000
1086
1109
1094
992
930
906
1172
1188
1172
1062
961
969
1102
1125
1109
1023
1031
1086
1109
1102
1062
1086
1141
1125
1078
1023
1125
1141
1078
992
961
1062
1133
1125
1008
906
953
1094
1164
1117
977
906
977
1164
1070
984
898
867
930
1156
1125
1086
1039
1039
1086
1133
1109
1055
1102
1133
1070
1000
1086
1141
1133
1086
1008
1047
1117
1094
1055
1039
1266
1180
1094
1016
1148
1180
1141
1016
945
883
859
945
1203
1055
969
1039
1141
1141
1016
930
867
906
1164
1109
1000
906
875
1109
1148
1109
1055
961
891
953
1180
1086
1000
898
836
961
1156
1070
977
867
844
898
852
828
797
789
828
1250
1188
1102
977
898
1133
1078
1016
1008
984
1109
1141
1117
1078
1055
1133
1141
1062
1023
1188
1188
1141
1078
1055
1172
1133
1055
969
1203
1227
1156
1000
938
1055
1180
1133
969
953
1141
1195
1133
1016
891
945
1023
1133
1102
1000
1047
1227
1195
1102
953
953
1156
1141
1102
1047
1023
1125
1156
1102
1062
1047
1117
1109
1086
992
992
1180
1117
1102
961
906
1031
1211
1164
1117
992
891
891
914
906
836
797
773
750
742
734
727
727
734
750
758
739
719
711
719
703
727
727
727
719
742
750
789
1023
1148
1148
1133
1328
1336
1289
1227
1281
1180
1227
1195
1211
1328
1328
1219
1102
1055
1156
1227
1203
1109
1141
1195
1172
1117
1008
984
1180
1125
1133
1039
1008
1133
1141
1133
1070
891
820
867
1328
1172
1109
1078
1039
1148
1078
1117
1078
1141
1195
1172
1125
1062
1133
1180
1172
1164
1188
1195
1148
1156
1172
1195
1109
1172
1180
1094
1055
1125
1109
1016
914
1062
1172
1094
1008
977
867
836
844
836
1195
1195
1125
992
977
1055
1062
1000
945
1141
1188
1203
1102
1039
1148
1125
1094
984
1039
1141
1117
1008
1070
1148
1117
1055
984
1148
1148
1094
984
922
1055
1109
1086
969
914
1070
1094
1016
883
859
1016
1055
1000
961
906
898
984
1125
1125
1070
1000
1055
1070
1031
1008
1117
1102
1031
1039
1055
1070
977
984
1008
1133
1039
945
1016
1086
1055
938
891
953
977
930
883
852
891
1039
1102
1062
953
914
1031
1055
1086
1031
914
859
1023
1125
1055
977
898
1047
1180
1156
1086
1016
1016
1039
1055
984
984
1078
1133
1125
1055
1055
1141
1141
1094
1055
1086
1102
1031
930
1000
1062
1000
914
859
820
875
984
1094
1102
1055
1070
1102
1125
1102
1016
977
1133
1156
1141
1094
1031
1172
1172
1195
1164
1117
1125
1172
1156
1141
1078
1164
1172
1172
1117
1062
1109
1117
1031
922
1047
1250
1164
1000
1023
1133
1109
1070
922
891
938
1016
1023
1000
922
977
1078
969
812
797
883
1258
1188
1062
1094
1117
1172
1172
1031
1023
984
1078
1094
1016
898
977
945
1023
1055
984
1023
1031
1062
1078
1031
938
1078
1125
1148
1125
1055
1000
1086
1109
1078
1062
1141
1164
1133
1109
1148
1164
1125
1070
1172
1172
1156
1094
1203
1195
1133
1047
1180
1164
1078
961
969
1164
1195
1031
898
852
922
1055
1070
969
945
977
961
891
836
805
953
1148
1125
1102
992
953
1102
1148
1164
1125
1094
1055
1117
1133
1102
1047
977
1141
1164
1148
1141
1055
1000
1062
1125
1078
1062
992
930
1109
1102
1094
1078
969
938
938
969
992
953
938
1148
1133
1109
992
906
1031
1047
1023
953
891
875
1023
1086
1023
961
922
859
961
992
961
961
945
883
984
1047
1102
1094
1023
977
1078
1164
1180
1141
1039
1094
1062
1055
961
891
1156
1164
1141
1062
953
1031
1133
1078
1047
914
867
945
1086
1078
1023
938
1023
1141
1094
1078
945
883
1031
1086
1125
1086
922
844
781
766
758
727
766
914
1352
1250
1125
1266
1242
1188
1180
1078
1180
1188
1211
1156
1039
1031
1258
1227
1180
1070
1078
1242
1227
1164
1070
969
1242
1219
1203
1141
1047
992
1234
1219
1188
1141
953
984
1219
1172
1164
1062
1102
1203
1211
1156
1023
914
1031
1273
1211
1141
1016
945
1242
1195
1086
969
859
992
1023
1148
1117
969
953
961
1023
953
883
1016
1023
1016
953
875
992
1195
1211
1156
1172
1203
1188
1125
1070
1031
1148
1156
1148
1086
1016
1141
1164
1141
1078
992
906
1203
1258
1234
1188
1070
1047
1211
1188
1188
1086
984
1211
1234
1180
1172
1047
953
1180
1141
1117
1109
1008
1188
1180
1133
1094
1008
1000
1219
1188
1164
1094
1016
1180
1234
1180
1109
992
1094
1102
1086
1078
1000
938
1125
1148
1148
1094
992
977
1109
1180
1156
1109
1062
1164
1156
1164
1109
1023
1203
1180
1188
1109
992
1039
1109
1148
1141
1078
1086
1211
1219
1172
1125
1062
1156
1164
1148
1078
969
1039
1156
1148
1117
1055
1016
1195
1211
1164
1086
1055
1172
1219
1172
1109
977
992
1016
1055
1016
953
1062
1242
1234
1156
1039
1102
1180
1188
1125
1039
1055
1195
1219
1188
1086
1039
1195
1156
1133
1055
1016
1211
1258
1195
1086
1047
1195
1195
1234
1109
969
1023
1242
1234
1195
1047
1055
1133
1164
1125
1039
1008
1164
1141
1141
1109
1062
1203
1164
1141
1008
938
1055
1148
1125
1094
992
1039
1148
1164
1102
961
953
1109
1156
1094
938
852
1023
1117
1094
1109
1055
1070
1219
1203
1164
1062
1023
1125
1172
1172
1156
1102
1102
1211
1203
1164
1102
1055
1180
1172
1141
984
922
1188
1227
1195
1180
1094
1195
1203
1156
1062
1008
1180
1227
1188
1117
1047
1195
1195
1164
1109
1047
1180
1211
1172
1141
1055
1086
1203
1195
1156
1094
1047
1164
1195
1164
1094
1016
1180
1227
1180
1141
1086
1055
1164
1195
1180
1094
1078
1195
1203
1172
1094
1047
1203
1148
961
844
812
789
773
758
789
805
781
805
867
1273
1203
1109
945
891
969
1148
1188
1125
1234
1297
1273
1211
1117
1172
1242
1234
1148
1070
1062
1219
1211
1164
1102
1070
1172
1172
1164
1086
1055
1258
1234
1180
1117
1172
1227
1211
1156
1094
1062
1188
1141
1133
1078
1047
1156
1180
1148
1062
1008
1172
1148
1133
1062
1055
1078
1172
1172
1109
1102
1211
1219
1141
1062
1102
1188
1203
1141
1070
1039
1203
1188
1148
1055
1016
1070
1078
1016
891
844
938
1047
1117
1023
1078
1219
1188
1078
1016
1180
1164
1133
1047
930
1023
1125
1164
1102
1078
1258
1227
1172
1086
1094
1195
1180
1172
1078
1008
1180
1180
1180
1102
1062
1180
1172
1156
1094
1031
1125
1156
1133
1047
1016
1164
1180
1141
1047
992
1141
1172
1117
1023
961
1156
1219
1164
1102
1016
1094
1109
1078
1008
992
1086
1141
1125
1062
1016
1242
1195
1172
1094
1070
1180
1172
1148
1062
1047
1156
1180
1156
1078
1078
1133
1117
1070
961
906
984
1039
1102
1055
1016
1234
1211
1086
977
891
1062
1125
1125
1078
1086
1203
1195
1156
1055
1000
1125
1133
1125
1047
1016
1188
1172
1180
1062
1023
1180
1141
1117
1070
1102
1133
1109
1055
1000
1062
1195
1195
1172
1023
1016
1102
1109
1039
969
1172
1211
1156
1094
1109
1188
1211
1117
1062
1062
1156
1180
1133
1078
1039
1156
1156
1148
1078
1008
1141
1172
1148
1062
1039
1164
1195
1164
1086
1070
1148
1164
1141
1055
1008
1156
1180
1156
1078
1039
1156
1148
1125
1031
1039
1172
1180
1141
1086
1086
1195
1164
1141
1070
1008
1156
1156
1164
1102
1078
1148
1133
1117
1039
953
1070
1117
1109
1039
1000
1156
1133
1109
1016
977
1125
1148
1148
1070
1023
1125
1133
1117
1000
945
1047
1195
1180
1125
1117
1180
1188
1117
1055
1055
1188
1172
1133
1031
1078
1164
1188
1070
992
1148
1219
1180
1141
1180
1211
1195
1141
1070
1133
1172
1141
1055
1086
1117
1102
1094
1062
1062
1203
1203
1164
1086
1008
1078
1164
1148
1070
1039
1195
1219
1172
1109
1102
1180
1195
1164
1086
1125
1195
1188
1148
1070
1078
1148
1156
1133
1055
1047
1125
1141
1141
1062
1047
1117
1164
1125
1086
1070
1141
1172
1141
1109
1086
1180
1156
1125
1062
1070
1172
1180
1141
1047
1094
1195
1188
1086
961
1016
1070
1086
1031
1039
1062
1070
1039
969
1047
1102
1055
1031
945
1031
1117
1102
984
961
1102
1211
1148
1078
1062
1148
1117
1086
1031
1047
1172
1172
1172
1117
1078
1164
1219
1195
1109
1109
1195
1211
1141
1102
1070
1164
1180
1148
1086
1078
1148
1148
1156
1078
1078
1156
1156
1148
1062
1031
1156
1180
1148
1070
1031
1109
1156
1109
1039
1039
1109
1117
1133
1016
1055
1109
1117
1086
1047
1102
1164
1164
1094
1055
1133
1141
1125
1078
1039
1148
1172
1133
1078
1078
1133
1172
1148
1086
1039
1164
1148
1133
1078
1078
1148
1195
969
1312
1102
1203
1195
1164
1125
1117
1227
1211
1180
1094
1109
1203
1195
1172
1086
1070
1172
1180
1133
1047
1047
1195
1164
1125
1078
1039
1172
1164
1109
1039
1055
1164
1172
1133
1086
1055
1094
1078
1016
1000
1023
1203
1219
1195
1156
1148
1195
1195
1133
1055
945
1188
1211
1211
1172
1117
1180
1203
1195
1148
1141
1180
1180
1094
1117
1211
1219
1180
1125
1156
1156
1141
1102
1055
1172
1172
1164
1070
1078
1102
1156
1148
1086
1133
1195
1172
1133
1133
1234
1219
1164
1055
1062
1180
1195
1148
1031
1062
1164
1180
1156
1117
1203
1172
1102
1016
1000
1133
1164
1141
1086
1250
1258
1211
1094
1148
1195
1172
1109
1016
1133
1148
1141
1062
1039
1141
1180
1156
1117
1086
1164
1164
1156
1102
1094
1164
1195
1188
1094
1078
1203
1188
1164
1055
1031
1188
1148
1109
1039
1133
1227
1203
1133
1117
1141
1164
1133
1039
1078
1211
1172
1156
1039
1070
1117
1141
1094
1141
1195
1203
1164
1086
1156
1242
1203
1117
1109
1219
1227
1195
1141
1133
1203
1219
1172
1102
1055
1219
1211
1180
1078
1086
1227
1219
1141
1062
1094
1133
1109
1070
930
938
1023
1211
1141
1125
1133
1156
1125
977
891
992
1148
1102
1039
1094
1234
1227
1156
1133
1164
1172
1148
1109
1117
1227
1227
1180
1070
1078
1195
1195
1188
1141
1148
1219
1211
1195
1086
1125
1203
1188
1141
1102
1203
1172
1141
1070
1117
1195
1203
1109
1086
1211
1227
1164
1109
1125
1195
1195
1172
1102
1188
1195
1180
1102
1023
1172
1227
1156
1125
1156
1211
1211
1164
1094
1094
1234
1211
1188
1094
1164
1180
1188
1141
1102
1180
1195
1188
1125
1125
1203
1203
1156
1117
1125
1195
1219
1180
1102
1117
1203
1180
1148
1109
1125
1211
1180
1156
1086
1094
1195
1188
1164
1117
1156
1195
1188
1109
1102
1180
1211
1164
1109
1148
1180
1188
1117
1094
1211
1211
1133
992
1055
1133
1164
1117
1133
1195
1219
1188
1117
1094
1203
1219
1156
1086
1188
1234
1219
1148
1117
1148
1164
1164
1148
1148
1211
1188
1148
1094
1141
1203
1180
1102
1094
1172
1180
1125
1078
1117
1195
1156
1148
1078
1164
1180
1188
1102
1117
1203
1250
1203
1164
1156
1227
1234
1180
1109
1125
1164
1164
1141
1094
1188
1180
1195
1148
1141
1219
1227
1172
1094
1164
1234
1219
1148
1078
1188
1219
1188
1125
1133
1211
1219
1172
1117
1164
1156
1148
1102
1047
1211
1203
1203
1156
1156
1219
1234
1195
1086
1195
1273
1250
1227
1148
1156
1234
1219
1172
1062
1070
1211
1234
1172
1094
1125
1234
1227
1180
1102
1094
1172
1195
1188
1133
1188
1250
1250
1203
1125
1148
1234
1172
1133
1094
1117
1234
1211
1188
1102
1133
1195
1195
1109
1078
1172
1227
1195
1133
1016
1133
1242
1242
1211
1164
1203
1258
1250
1195
1164
1195
1211
1195
1117
1125
1172
1227
1195
1125
1219
1219
1164
1125
1164
1227
1195
1141
1156
1227
1195
1164
1070
1172
1242
1211
1133
1164
1234
1227
1141
1086
1156
1180
1133
1039
1094
1219
1258
1141
1141
1195
1234
1156
1164
1266
1211
1141
1000
1094
1133
1078
938
1055
1180
1242
1211
1250
1234
1172
1094
1133
1219
1219
1148
1172
1219
1227
1156
1109
1195
1258
1219
1141
1164
1227
1203
1148
1039
1172
1172
1148
1164
1125
1211
1258
1219
1172
1172
1242
1219
1195
1141
1219
1227
1219
1156
1180
1234
1219
1164
1094
1125
1203
1203
1125
1070
1172
1195
1180
1125
1164
1227
1195
1086
1008
1062
1148
1133
1055
1117
1211
1188
1117
1117
1180
1180
1195
1156
1195
1227
1234
1188
1148
1195
1203
1203
1164
1156
1219
1164
1094
1008
1055
1250
1266
1164
1133
1219
1258
1219
1156
1188
1211
1188
1148
1133
1203
1219
1148
1078
1094
1234
1219
1172
1109
1203
1250
1234
1148
1141
1211
1227
1156
1047
1227
1227
1227
1164
1234
1242
1242
1188
1172
1234
1234
1195
1117
1172
1250
1242
1148
1141
1242
1242
1211
1117
1141
1227
1234
1180
1242
1266
1250
1180
1180
1273
1234
1156
1086
1086
1227
1211
1172
1141
1148
1203
1219
1164
1109
1172
1250
1234
1188
1117
1172
1273
1227
1203
1133
1203
1250
1211
1078
1125
1195
1195
1180
1133
1203
1273
1242
1172
1133
1188
1219
1180
1141
1141
1227
1219
1156
1164
1203
1188
1078
1000
1211
1219
1219
1109
969
1062
1172
1141
1164
1289
1328
1281
1234
1250
1273
1203
1117
1164
1227
1219
1211
1164
1195
1273
1242
1180
1156
1250
1234
1172
1172
1266
1242
1172
1141
1133
1195
1188
1125
1148
1250
1258
1203
1164
1164
1258
1227
1141
1156
1258
1258
1227
1156
1164
1266
1242
1164
1172
1219
1180
1133
1070
1195
1242
1195
1109
1172
1242
1234
1164
1133
1203
1219
1180
1117
1156
1258
1281
1273
1195
1242
1258
1250
1180
1156
1250
1242
1195
1148
1180
1305
1242
1195
1141
1164
1250
1203
1211
1164
1242
1281
1242
1164
1219
1250
1211
1219
1156
1141
1258
1227
1172
1164
1203
1211
1203
1156
1188
1203
1195
1148
1148
1180
1172
1148
1078
1125
1289
1305
1289
1211
1219
1289
1219
1203
1141
1148
1281
1234
1211
1148
1188
1297
1297
1219
1156
1156
1227
1234
1203
1203
1273
1250
1195
1164
1195
1234
1258
1211
1227
1289
1250
1164
1148
1195
1258
1195
1109
1195
1242
1203
1156
1109
1211
1242
1164
1125
1180
1289
1219
1195
1047
1109
1242
1211
1180
1133
1125
1219
1172
1141
1156
1234
1219
1180
1195
1219
1219
1211
1141
1164
1250
1227
1188
1188
1297
1281
1219
1188
1094
1219
1242
1234
1234
1188
1266
1297
1266
1234
1164
1188
1250
1281
1234
1164
1211
1242
1211
1164
1172
1250
1242
1195
1156
1195
1195
1188
1180
1203
1328
1297
1211
1242
1289
1281
1211
1195
1281
1219
1219
1188
1188
1219
1234
1211
1141
1188
1242
1227
1156
1156
1250
1211
1188
1047
1055
1250
1211
1148
1148
1164
1172
1125
1203
1266
1242
1188
1156
1242
1258
1203
1141
1250
1273
1219
1164
1164
1266
1281
1188
1172
1227
1250
1227
1188
1219
1250
1195
1156
1172
1297
1305
1258
1172
1211
1266
1234
1164
1180
1227
1219
1156
1148
1258
1273
1195
1195
1273
1227
1141
1031
1203
1227
1211
1156
1203
1258
1227
1180
1188
1250
1273
1195
1148
1094
1195
1164
1102
1070
1289
1273
1227
1164
1219
1219
1211
1156
1180
1258
1250
1219
1164
1195
1234
1234
1195
1156
1281
1281
1258
1195
1203
1328
1281
1195
1203
1258
1203
1125
1195
1227
1195
1188
1250
1273
1234
1172
1211
1242
1227
1195
1219
1273
1242
1180
1188
1266
1250
1227
1164
1188
1234
1242
1211
1219
1297
1289