1570
1594
1562
1539
1508
1492
1539
1516
1508
1469
1383
1344
1406
1336
1203
1289
1516
1664
1508
1516
1523
1516
1562
1484
1391
1500
1477
1500
1492
1477
1484
1570
1562
1555
1594
1484
1492
1469
1500
1641
1570
1484
1531
1523
1477
1398
1438
1445
1359
1297
1516
1484
1406
1547
1648
1438
1453
1516
1461
1430
1516
1398
1383
1398
1414
1469
1523
1547
1508
1516
1539
1508
1508
1492
1453
1438
1445
1445
1430
1492
1516
1484
1383
1438
1555
1492
1406
1602
1469
1453
1531
1492
1445
1414
1477
1461
1500
1547
1641
1578
1555
1602
1664
1562
1523
1539
1539
1477
1438
1516
1562
1570
1516
1469
1547
1523
1500
1398
1477
1531
1445
1344
1461
1461
1398
1516
1484
1391
1500
1469
1367
1484
1438
1492
1602
1586
1570
1547
1531
1516
1555
1547
1523
1531
1484
1586
1531
1523
1461
1516
1516
1391
1359
1438
1500
1430
1375
1578
1500
1391
1492
1445
1398
1531
1578
1547
1453
1570
1562
1562
1516
1484
1570
1531
1469
1500
1484
1523
1484
1492
1461
1531
1508
1469
1406
1438
1453
1391
1336
1484
1469
1352
1516
1539
1414
1328
1375
1383
1352
1438
1555
1469
1461
1484
1508
1453
1453
1508
1531
1492
1539
1547
1508
1477
1414
1422
1461
1508
1422
1523
1531
1578
1500
1547
1570
1500
1461
1625
1570
1508
1555
1523
1477
1586
1594
1469
1609
1555
1477
1523
1477
1430
1484
1500
1406
1406
1398
1328
1336
1344
1398
1523
1492
1391
1484
1445
1414
1375
1453
1492
1453
1406
1523
1477
1422
1531
1625
1625
1484
1562
1484
1453
1617
1703
1523
1539
1641
1500
1453
1508
1484
1422
1516
1555
1477
1555
1531
1508
1484
1609
1547
1492
1508
1477
1438
1609
1539
1492
1461
1531
1555
1461
1414
1469
1484
1469
1625
1539
1461
1477
1453
1422
1508
1539
1445
1422
1555
1562
1453
1609
1570
1547
1469
1562
1484
1375
1484
1445
1375
1438
1469
1484
1438
1570
1539
1453
1398
1508
1508
1461
1398
1539
1461
1375
1453
1469
1445
1523
1578
1414
1375
1602
1539
1633
1637
1641
1539
1594
1516
1484
1492
1469
1438
1492
1516
1469
1445
1516
1484
1414
1453
1500
1422
1453
1578
1516
1500
1617
1508
1461
1531
1523
1430
1539
1570
1508
1445
1586
1492
1430
1531
1484
1398
1500
1492
1453
1398
1445
1430
1398
1500
1500
1445
1422
1578
1477
1477
1594
1531
1516
1438
1492
1523
1477
1453
1516
1516
1414
1523
1578
1422
1617
1602
1461
1578
1539
1383
1438
1445
1414
1438
1555
1500
1453
1469
1438
1484
1609
1578
1656
1648
1531
1539
1594
1695
1578
1430
1562
1625
1562
1477
1555
1555
1484
1438
1602
1578
1547
1453
1609
1578
1500
1398
1484
1523
1477
1570
1609
1531
1438
1594
1594
1492
1406
1453
1508
1445
1445
1445
1562
1578
1461
1406
1477
1484
1398
1508
1469
1445
1445
1523
1516
1422
1508
1539
1430
1430
1523
1547
1477
1414
1531
1531
1430
1523
1523
1516
1438
1594
1539
1461
1516
1555
1484
1461
1477
1469
1422
1500
1516
1438
1461
1508
1477
1391
1562
1422
1406
1500
1500
1547
1578
1562
1500
1602
1531
1438
1492
1422
1430
1617
1516
1492
1461
1492
1391
1500
1406
1516
1648
1508
1531
1539
1508
1430
1547
1555
1500
1438
1539
1594
1516
1461
1570
1570
1461
1523
1516
1453
1406
1500
1555
1445
1570
1523
1469
1414
1555
1453
1398
1484
1516
1508
1430
1523
1438
1406
1492
1477
1398
1523
1508
1477
1375
1492
1492
1445
1625
1523
1461
1523
1492
1453
1539
1492
1430
1602
1531
1414
1438
1516
1477
1430
1523
1523
1453
1438
1570
1523
1492
1523
1453
1430
1531
1508
1414
1492
1523
1555
1422
1492
1516
1406
1469
1523
1500
1391
1531
1555
1438
1531
1531
1453
1461
1508
1461
1430
1562
1477
1461
1469
1508
1477
1500
1453
1484
1531
1516
1453
1586
1508
1438
1375
1594
1500
1352
1398
1305
1312
1328
1320
1328
1508
1469
1414
1500
1414
1367
1438
1430
1336
1430
1414
1383
1453
1461
1484
1500
1516
1438
1422
1531
1539
1539
1555
1656
1602
1516
1570
1500
1500
1586
1578
1461
1500
1539
1578
1445
1602
1555
1453
1570
1578
1469
1430
1594
1570
1484
1500
1562
1516
1383
1438
1469
1516
1492
1492
1406
1656
1500
1500
1539
1523
1523
1562
1516
1539
1539
1484
1461
1586
1516
1438
1570
1523
1453
1492
1477
1461
1406
1531
1500
1320
1344
1352
1297
1359
1281
1305
1250
1281
1383
1375
1367
1445
1430
1430
1461
1461
1430
1492
1430
1477
1602
1492
1469
1523
1516
1453
1531
1539
1539
1516
1477
1602
1547
1508
1617
1602
1492
1562
1570
1484
1445
1562
1500
1453
1484
1469
1430
1484
1539
1539
1523
1414
1414
1508
1617
1523
1563
1602
1508
1594
1523
1477
1516
1500
1375
1484
1516
1461
1539
1547
1492
1586
1641
1508
1453
1531
1500
1438
1570
1461
1430
1516
1461
1430
1477
1461
1422
1562
1516
1492
1570
1438
1438
1461
1555
1570
1617
1531
1508
1586
1562
1461
1547
1516
1445
1398
1492
1484
1469
1398
1477
1523
1422
1438
1516
1477
1453
1531
1547
1484
1500
1602
1516
1617
1484
1430
1539
1500
1430
1516
1469
1430
1555
1484
1406
1516
1555
1461
1414
1531
1508
1438
1438
1523
1461
1438
1562
1562
1555
1594
1586
1469
1523
1562
1477
1430
1523
1469
1430
1492
1508
1484
1406
1477
1516
1461
1398
1492
1477
1414
1414
1469
1531
1469
1625
1578
1492
1445
1492
1539
1445
1469
1547
1539
1508
1531
1539
1398
1555
1523
1477
1516
1492
1531
1438
1555
1508
1453
1375
1445
1430
1469
1516
1469
1422
1484
1422
1383
1445
1414
1367
1336
1422
1469
1430
1406
1430
1297
1242
1328
1438
1500
1578
1625
1555
1578
1508
1508
1516
1453
1406
1406
1422
1367
1523
1531
1523
1500
1656
1602
1531
1500
1500
1523
1555
1508
1617
1578
1547
1469
1539
1555
1516
1445
1570
1500
1391
1500
1445
1375
1516
1500
1391
1430
1531
1492
1414
1500
1492
1484
1555
1500
1508
1477
1539
1539
1523
1445
1523
1531
1398
1422
1508
1500
1523
1477
1539
1547
1523
1609
1484
1445
1547
1547
1430
1461
1453
1383
1469
1516
1508
1477
1555
1500
1414
1508
1484
1422
1406
1445
1445
1398
1453
1477
1453
1359
1469
1461
1359
1477
1422
1391
1484
1508
1445
1461
1523
1469
1484
1523
1531
1453
1625
1672
1555
1531
1641
1719
1555
1453
1555
1555
1453
1594
1523
1438
1508
1531
1469
1414
1531
1500
1430
1398
1477
1508
1469
1398
1484
1508
1422
1352
1445
1422
1445
1508
1508
1539
1758
1711
1570
1445
1469
1414
1367
1438
1453
1508
1555
1539
1484
1523
1547
1445
1453
1516
1492
1469
1523
1523
1523
1664
1523
1383
1523
1438
1352
1359
1305
1344
1508
1523
1484
1547
1531
1477
1500
1406
1438
1445
1422
1383
1492
1469
1477
1516
1578
1516
1469
1539
1430
1375
1500
1453
1422
1484
1461
1539
1758
1539
1531
1586
1555
1508
1508
1586
1500
1445
1516
1531
1453
1477
1562
1453
1414
1523
1477
1422
1523
1500
1422
1375
1492
1523
1453
1656
1523
1445
1531
1562
1391
1422
1516
1469
1453
1406
1555
1398
1453
1586
1539
1508
1586
1578
1453
1531
1516
1500
1477
1586
1594
1539
1609
1672
1562
1477
1609
1539
1477
1555
1477
1453
1555
1492
1406
1453
1500
1430
1375
1477
1445
1422
1578
1539
1453
1570
1500
1375
1453
1594
1570
1508
1578
1656
1492
1445
1516
1453
1391
1398
1461
1523
1438
1453
1484
1500
1391
1531
1516
1516
1445
1414
1492
1406
1516
1602
1523
1484
1562
1492
1516
1570
1531
1445
1578
1531
1438
1539
1484
1406
1539
1516
1430
1469
1617
1445
1531
1445
1375
1344
1352
1469
1398
1367
1508
1445
1398
1453
1453
1391
1477
1508
1469
1477
1625
1586
1477
1617
1516
1445
1594
1562
1523
1430
1547
1492
1445
1594
1516
1523
1422
1539
1523
1453
1586
1492
1430
1531
1453
1438
1297
1336
1281
1250
1367
1406
1352
1500
1406
1383
1555
1438
1438
1477
1445
1484
1484
1484
1430
1500
1570
1453
1570
1531
1516
1664
1586
1492
1609
1609
1539
1586
1578
1523
1523
1578
1539
1469
1625
1500
1398
1523
1633
1609
1664
1656
1656
1664
1406
1281
1273
1383
1398
1336
1312
1273
1195
1234
1281
1203
1164
1164
1078
1234
1203
1188
1148
1164
1125
1180
1234
1250
1188
1297
1430
1312
1492
1594
1516
1375
1414
1500
1453
1312
1562
1633
1562
1453
1562
1539
1461
1445
1484
1445
1414
1500
1508
1398
1391
1422
1430
1414
1367
1430
1430
1414
1320
1375
1383
1336
1312
1242
1211
1312
1227
1266
1297
1289
1305
1375
1297
1242
1328
1328
1359
1461
1586
1523
1445
1492
1461
1430
1492
1508
1469
1359
1438
1531
1477
1414
1508
1508
1477
1414
1445
1492
1414
1375
1383
1414
1391
1359
1414
1438
1438
1391
1492
1484
1477
1422
1500
1570
1422
1359
1414
1273
1305
1281
1422
1453
1406
1523
1539
1445
1352
1422
1391
1352
1367
1422
1469
1516
1555
1578
1383
1438
1438
1438
1602
1594
1594
1523
1625
1531
1484
1430
1492
1508
1398
1422
1477
1500
1430
1508
1570
1508
1414
1500
1508
1516
1406
1523
1477
1430
1406
1461
1484
1352
1469
1516
1500
1492
1617
1539
1477
1492
1430
1398
1461
1438
1422
1391
1414
1414
1430
1391
1430
1508
1531
1469
1578
1562
1453
1406
1383
1508
1500
1406
1508
1594
1523
1617
1523
1469
1461
1453
1359
1414
1414
1344
1469
1414
1469
1508
1500
1438
1430
1453
1461
1438
1484
1500
1398
1391
1414
1477
1453
1453
1492
1508
1508
1414
1414
1359
1242
1234
1164
1195
1188
1164
1164
1180
1188
1188
1172
1164
1141
1141
1094
1062
1039
1047
1078
1250
1227
1117
1070
1062
1023
977
953
969
945
961
992
1102
1273
1328
1242
1211
1211
1195
1234
1281
1289
1273
1406
1406
1383
1359
1375
1336
1297
1242
1250
1383
1531
1414
1539
1555
1578
1531
1539
1680
1594
1477
1469
1492
1484
1453
1414
1469
1469
1383
1469
1477
1477
1375
1438
1492
1438
1344
1297
1273
1422
1344
1445
1562
1555
1438
1516
1531
1500
1523
1547
1562
1508
1539
1516
1539
1555
1508
1586
1547
1500
1414
1508
1484
1430
1375
1406
1445
1383
1367
1492
1508
1469
1477
1523
1500
1414
1508
1477
1406
1438
1539
1555
1508
1438
1508
1539
1508
1438
1383
1445
1398
1445
1414
1391
1469
1477
1445
1531
1453
1445
1500
1383
1352
1422
1430
1406
1625
1664
1547
1539
1555
1523
1484
1516
1586
1539
1516
1578
1477
1398
1430
1477
1367
1430
1508
1461
1406
1500
1500
1484
1461
1484
1578
1500
1430
1516
1547
1484
1453
1539
1578
1492
1406
1578
1523
1484
1484
1539
1461
1289
1344
1438
1438
1383
1531
1570
1492
1555
1547
1523
1430
1625
1578
1531
1609
1664
1516
1562
1672
1609
1602
1633
1586
1523
1516
1562
1523
1438
1523
1609
1500
1422
1523
1562
1469
1359
1375
1594
1508
1430
1453
1477
1516
1594
1555
1484
1547
1562
1555
1547
1562
1523
1594
1562
1531
1594
1594
1570
1477
1547
1500
1359
1398
1430
1367
1625
1570
1570
1477
1547
1477
1391
1414
1438
1547
1531
1758
1734
1531
1461
1406
1352
1367
1516
1547
1484
1547
1516
1453
1398
1391
1391
1359
1453
1469
1422
1383
1461
1492
1500
1430
1531
1562
1484
1469
1555
1570
1492
1484
1586
1516
1625
1719
1641
1484
1578
1680
1516
1523
1602
1531
1531
1602
1602
1531
1469
1586
1523
1430
1570
1578
1477
1531
1367
1516
1516
1500
1586
1570
1500
1547
1602
1594
1531
1633
1664
1531
1484
1570
1570
1492
1562
1609
1508
1625
1555
1406
1508
1469
1414
1555
1531
1445
1430
1578
1602
1469
1539
1570
1508
1516
1547
1500
1414
1492
1484
1406
1320
1336
1258
1297
1250
1352
1352
1531
1570
1555
1414
1641
1641
1469
1469
1633
1500
1336
1352
1336
1359
1578
1602
1766
1719
1617
1500
1602
1609
1602
1570
1641
1625
1570
1484
1641
1617
1547
1492
1570
1648
1602
1484
1586
1586
1492
1539
1531
1469
1656
1617
1477
1406
1508
1586
1469
1484
1508
1469
1367
1438
1422
1375
1398
1367
1547
1648
1539
1500
1539
1586
1508
1578
1539
1469
1438
1336
1352
1367
1461
1727
1648
1539
1602
1656
1531
1438
1633
1602
1492
1566
1641
1516
1695
1586
1508
1656
1586
1523
1477
1594
1727
1648
1555
1641
1594
1523
1547
1539
1594
1508
1523
1664
1547
1500
1680
1555
1438
1398
1492
1500
1422
1688
1617
1531
1484
1586
1547
1453
1375
1352
1352
1266
1266
1234
1375
1297
1383
1383
1367
1320
1430
1539
1570
1562
1703
1664
1555
1586
1695
1656
1586
1602
1773
1727
1633
1516
1641
1633
1562
1492
1602
1539
1391
1367
1352
1320
1641
1609
1539
1578
1492
1469
1414
1523
1508
1461
1500
1641
1617
1594
1570
1570
1516
1492
1695
1641
1523
1680
1602
1570
1547
1531
1477
1445
1602
1648
1508
1484
1531
1523
1445
1641
1625
1406
1359
1367
1352
1281
1258
1398
1461
1422
1297
1391
1469
1461
1430
1516
1547
1516
1539
1641
1586
1578
1445
1523
1602
1508
1594
1680
1602
1531
1625
1625
1516
1344
1430
1438
1461
1535
1609
1547
1641
1617
1508
1570
1539
1484
1469
1484
1516
1469
1445
1398
1328
1367
1320
1266
1328
1352
1484
1594
1617
1492
1469
1484
1430
1430
1570
1570
1516
1570
1703
1602
1484
1562
1609
1562
1547
1570
1586
1562
1672
1625
1625
1516
1484
1555
1570
1492
1422
1523
1547
1469
1516
1562
1469
1281
1336
1305
1258
1344
1242
1305
1359
1391
1273
1359
1398
1469
1492
1453
1672
1602
1609
1594
1727
1711
1688
1531
1688
1594
1539
1531
1688
1547
1438
1516
1523
1555
1414
1469
1453
1430
1539
1523
1477
1539
1484
1398
1492
1461
1383
1625
1719
1547
1609
1531
1547
1656
1562
1484
1523
1492
1500
1469
1523
1555
1531
1578
1547
1492
1562
1562
1516
1391
1477
1539
1500
1430
1570
1547
1438
1445
1547
1453
1359
1453
1414
1445
1445
1469
1367
1383
1461
1461
1570
1562
1414
1461
1570
1680
1648
1523
1586
1617
1547
1625
1531
1414
1461
1641
1625
1539
1633
1688
1586
1641
1695
1664
1570
1422
1477
1398
1391
1633
1539
1484
1633
1570
1469
1578
1531
1539
1586
1508
1555
1602
1547
1484
1680
1656
1602
1680
1633
1555
1516
1555
1555
1461
1516
1570
1492
1484
1508
1562
1500
1453
1570
1586
1508
1438
1516
1547
1414
1531
1492
1438
1391
1352
1352
1391
1688
1594
1625
1625
1539
1539
1641
1555
1461
1570
1617
1594
1617
1523
1516
1664
1805
1711
1664
1727
1617
1508
1500
1508
1516
1453
1531
1562
1562
1453
1562
1547
1414
1422
1391
1266
1273
1250
1219
1234
1227
1320
1266
1469
1492
1484
1352
1414
1422
1430
1688
1688
1609
1570
1672
1688
1578
1555
1617
1625
1523
1477
1578
1609
1609
1648
1672
1547
1422
1594
1492
1430
1367
1469
1398
1359
1555
1562
1594
1648
1562
1453
1477
1406
1461
1711
1719
1719
1594
1500
1656
1766
1656
1531
1648
1656
1680
1672
1648
1609
1539
1352
1383
1375
1336
1328
1383
1289
1406
1352
1539
1570
1477
1500
1641
1641
1484
1703
1711
1656
1578
1469
1688
1570
1664
1562
1516
1562
1539
1469
1586
1656
1484
1477
1633
1555
1500
1625
1578
1453
1398
1562
1648
1484
1398
1492
1555
1547
1445
1508
1516
1484
1430
1703
1609
1609
1719
1586
1445
1352
1367
1312
1258
1469
1430
1336
1336
1312
1305
1242
1258
1289
1266
1359
1461
1359
1453
1547
1492
1539
1453
1594
1578
1352
1305
1289
1258
1234
1172
1117
1133
1016
977
961
938
930
953
984
1016
1234
1453
1469
1562
1406
1383
1414
1305
1391
1453
1273
1352
1305
1336
1305
1430
1469
1695
1648
1586
1555
1805
1703
1562
1602
1461
1570
1812
1680
1578
1539
1664
1656
1602
1547
1578
1641
1578
1602
1617
1523
1469
1508
1562
1492
1469
1555
1492
1461
1523
1508
1453
1500
1484
1422
1461
1398
1328
1344
1398
1406
1438
1586
1516
1430
1516
1500
1508
1562
1586
1539
1625
1586
1570
1586
1562
1500
1539
1625
1531
1617
1516
1477
1617
1492
1406
1477
1453
1383
1508
1438
1383
1484
1461
1383
1570
1477
1445
1594
1617
1438
1586
1508
1469
1484
1523
1508
1469
1539
1516
1492
1461
1781
1586
1547
1602
1523
1516
1555
1508
1422
1500
1375
1344
1281
1359
1352
1719
1484
1523
1523
1641
1484
1508
1688
1602
1469
1477
1453
1508
1453
1734
1602
1680
1641
1555
1461
1617
1570
1523
1602
1523
1484
1594
1523
1570
1602
1594
1492
1539
1500
1430
1523
1500
1398
1633
1508
1430
1555
1570
1523
1516
1594
1625
1570
1516
1641
1617
1539
1570
1586
1570
1516
1688
1516
1453
1461
1539
1617
1484
1648
1578
1461
1594
1609
1523
1438
1492
1500
1508
1461
1547
1531
1508
1430
1492
1469
1422
1422
1406
1469
1539
1469
1562
1430
1438
1469
1445
1391
1461
1438
1422
1492
1414
1477
1484
1516
1727
1695
1656
1578
1688
1586
1531
1523
1555
1609
1508
1453
1586
1609
1539
1531
1516
1539
1656
1633
1523
1789
1609
1609
1570
1461
1523
1719
1523
1523
1578
1375
1367
1383
1359
1477
1477
1430
1445
1398
1547
1414
1422
1469
1453
1523
1516
1492
1508
1469
1570
1609
1578
1492
1547
1609
1570
1438
1562
1711
1633
1531
1633
1570
1508
1609
1508
1430
1562
1492
1469
1523
1531
1531
1688
1602
1594
1609
1742
1594
1477
1703
1609
1453
1492
1430
1562
1625
1688
1672
1734
1625
1492
1445
1445
1555
1602
1711
1766
1680
1656
1680
1633
1562
1734
1742
1633
1492
1750
1609
1531
1469
1539
1555
1562
1477
1508
1617
1484
1641
1547
1531
1633
1602
1492
1648
1508
1398
1531
1594
1523
1648
1672
1531
1523
1562
1531
1438
1445
1438
1508
1555
1602
1719
1711
1656
1656
1625
1547
1594
1617
1617
1523
1539
1508
1484
1602
1570
1453
1594
1664
1516
1570
1680
1602
1516
1617
1547
1492
1477
1711
1633
1500
1633
1555
1469
1570
1680
1531
1492
1422
1461
1461
1664
1617
1609
1695
1594
1602
1680
1641
1672
1711
1531
1656
1688
1719
1555
1492
1570
1523
1508
1469
1555
1586
1438
1508
1562
1516
1461
1703
1609
1508
1688
1555
1492
1586
1562
1477
1414
1508
1609
1664
1594
1492
1680
1633
1594
1508
1539
1570
1430
1367
1406
1367
1367
1461
1477
1438
1484
1453
1453
1422
1477
1391
1398
1484
1633
1492
1539
1516
1531
1484
1555
1523
1414
1578
1602
1523
1594
1555
1617
1570
1586
1617
1586
1492
1586
1531
1477
1617
1539
1531
1555
1367
1469
1656
1570
1719
1602
1523
1539
1453
1391
1430
1414
1375
1422
1461
1430
1406
1523
1383
1391
1562
1742
1602
1594
1641
1523
1609
1609
1500
1484
1578
1516
1445
1508
1523
1477
1453
1531
1477
1539
1680
1609
1562
1578
1508
1469
1594
1531
1469
1438
1539
1609
1625
1617
1531
1445
1430
1453
1406
1523
1539
1516
1672
1695
1492
1625
1633
1508
1516
1438
1359
1484
1438
1375
1477
1445
1422
1352
1398
1430
1500
1484
1492
1539
1555
1570
1578
1516
1617
1508
1484
1492
1539
1406
1461
1469
1398
1367
1430
1484
1469
1430
1508
1531
1578
1562
1594
1562
1508
1477
1445
1391
1414
1430
1445
1375
1352
1461
1500
1375
1305
1234
1242
1219
1219
1234
1203
1227
1281
1258
1352
1430
1500
1523
1484
1547
1594
1484
1469
1570
1609
1516
1508
1555
1461
1484
1484
1445
1453
1453
1430
1367
1453
1406
1367
1445
1516
1578
1562
1586
1773
1586
1570
1516
1477
1547
1492
1438
1648
1789
1508
1406
1461
1398
1414
1531
1531
1742
1672
1664
1523
1562
1617
1578
1469
1641
1656
1578
1555
1609
1547
1508
1555
1562
1695
1656
1625
1664
1648
1531
1555
1641
1523
1570
1656
1562
1453
1477
1453
1391
1469
1508
1422
1430
1492
1547
1484
1531
1547
1492
1492
1523
1492
1398
1375
1320
1320
1305
1258
1703
1383
1492
1672
1570
1500
1508
1453
1391
1453
1531
1555
1469
1500
1578
1516
1438
1492
1500
1453
1484
1539
1586
1781
1719
1672
1750
1672
1750
1734
1617
1562
1633
1609
1516
1523
1508
1352
1367
1445
1375
1352
1688
1609
1492
1570
1539
1492
1445
1555
1523
1281
1297
1320
1266
1336
1312
1328
1344
1375
1375
1383
1406
1383
1383
1406
1430
1422
1406
1352
1344
1312
1203
1273
1289
1320
1273
1258
1242
1242
1195
1172
1141
1078
977
1000
1094
1172
1109
1422
1352
1422
1344
1516
1656
1656
1692
1682
1672
1617
1648
1719
1719
1602
1633
1719
1609
1562
1531
1508
1547
1438
1445
1500
1492
1469
1398
1469
1469
1398
1414
1508
1484
1484
1539
1500
1469
1531
1469
1477
1516
1508
1484
1547
1531
1469
1500
1492
1445
1422
1508
1570
1492
1539
1523
1492
1469
1500
1516
1469
1477
1539
1531
1477
1516
1445
1438
1484
1562
1688
1570
1594
1539
1484
1477
1539
1492
1516
1453
1492
1531
1477
1453
1484
1477
1414
1445
1469
1484
1422
1500
1508
1492
1539
1562
1547
1539
1547
1500
1469
1531
1562
1461
1531
1555
1453
1367
1477
1539
1508
1516
1500
1484
1500
1523
1547
1555
1578
1641
1617
1562
1602
1484
1516
1586
1531
1508
1539
1516
1445
1453
1508
1461
1539
1531
1469
1461
1445
1477
1492
1555
1500
1438
1477
1445
1438
1328
1367
1398
1406
1328
1422
1539
1516
1406
1445
1477
1422
1375
1461
1508
1477
1469
1461
1594
1508
1430
1391
1328
1375
1398
1523
1516
1453
1414
1453
1414
1453
1391
1477
1461
1539
1602
1555
1469
1484
1516
1516
1523
1492
1406
1430
1430
1352
1305
1336
1336
1305
1406
1375
1375
1414
1406
1383
1406
1414
1398
1375
1305
1328
1289
1344
1344
1297
1383
1352
1297
1344
1445
1398
1461
1508
1461
1445
1484
1477
1375
1414
1430
1461
1500
1523
1539
1523
1531
1547
1484
1555
1469
1523
1578
1547
1531
1578
1477
1461
1492
1523
1484
1523
1648
1531
1477
1492
1469
1414
1539
1516
1445
1570
1648
1531
1523
1539
1461
1438
1484
1555
1500
1492
1500
1508
1477
1422
1500
1562
1477
1469
1508
1461
1438
1406
1430
1383
1352
1414
1406
1289
1312
1391
1438
1430
1531
1547
1461
1445
1531
1578
1469
1500
1539
1500
1438
1469
1570
1625
1586
1656
1617
1562
1469
1562
1586
1531
1484
1484
1492
1438
1453
1500
1445
1414
1375
1320
1219
1211
1188
1172
1141
1023
1133
1039
1086
1070
1078
1062
1031
1000
969
945
938
1023
1203
1383
1523
1562
1617
1617
1727
1688
1594
1609
1531
1516
1570
1469
1336
1477
1461
1312
1477
1500
1391
1391
1617
1461
1398
1484
1477
1398
1508
1531
1477
1484
1547
1461
1492
1461
1547
1555
1539
1492
1477
1484
1500
1500
1508
1523
1516
1453
1484
1570
1656
1562
1547
1672
1570
1586
1656
1578
1562
1633
1508
1477
1555
1516
1492
1508
1516
1453
1523
1562
1508
1438
1570
1516
1469
1445
1469
1477
1453
1375
1438
1461
1438
1414
1461
1477
1422
1406
1461
1438
1453
1430
1414
1477
1414
1430
1547
1469
1438
1492
1516
1438
1469
1500
1430
1469
1492
1500
1469
1516
1469
1438
1453
1461
1500
1406
1383
1492
1461
1398
1414
1445
1508
1469
1359
1461
1461
1422
1414
1500
1508
1602
1508
1523
1492
1461
1500
1547
1477
1430
1586
1570
1477
1445
1531
1500
1477
1453
1539
1508
1461
1438
1453
1477
1555
1508
1484
1523
1453
1398
1453
1469
1445
1422
1492
1453
1453
1414
1539
1477
1539
1609
1586
1500
1500
1492
1438
1539
1555
1484
1398
1500
1539
1508
1461
1422
1500
1555
1516
1477
1508
1500
1414
1516
1555
1500
1492
1484
1422
1453
1430
1383
1406
1430
1352
1508
1656
1586
1523
1547
1516
1508
1547
1484
1492
1500
1406
1453
1445
1555
1656
1641
1672
1586
1438
1500
1508
1383
1500
1461
1422
1336
1375
1414
1359
1438
1414
1320
1367
1359
1344
1336
1414
1414
1469
1445
1484
1547
1555
1312
1562
1523
1625
1562
1523
1469
1523
1555
1594
1641
1539
1562
1617
1617
1586
1602
1586
1500
1648
1586
1523
1562
1602
1500
1406
1430
1445
1438
1492
1602
1516
1570
1609
1562
1547
1617
1523
1406
1508
1570
1461
1305
1328
1422
1359
1430
1484
1438
1414
1469
1539
1602
1555
1578
1594
1594
1508
1547
1594
1617
1586
1523
1539
1570
1508
1508
1570
1578
1484
1438
1539
1539
1477
1508
1523
1469
1383
1469
1523
1445
1578
1609
1562
1484
1547
1508
1438
1484
1570
1516
1492
1414
1492
1492
1531
1516
1461
1523
1500
1484
1508
1398
1438
1438
1492
1469
1570
1641
1531
1508
1445
1484
1477
1398
1414
1430
1398
1484