1312
1469
1430
1258
1383
1422
1359
1445
1344
1352
1555
1344
1453
1500
1375
1328
1500
1422
1438
1477
1359
1469
1406
1281
1492
1414
1312
1445
1344
1305
1484
1406
1344
1469
1375
1344
1438
1352
1422
1531
1258
1375
1352
1312
1383
1250
1367
1320
1180
1484
1469
1352
1508
1414
1305
1500
1398
1344
1555
1375
1430
1516
1391
1594
1492
1500
1492
1344
1422
1477
1312
1398
1492
1328
1469
1398
1305
1367
1227
1555
1547
1469
1656
1438
1383
1484
1289
1375
1438
1273
1484
1367
1352
1500
1414
1258
1523
1414
1422
1516
1375
1461
1438
1266
1391
1312
1383
1500
1336
1398
1305
1281
1484
1391
1430
1438
1320
1438
1398
1352
1523
1422
1469
1477
1414
1555
1445
1461
1492
1375
1438
1500
1391
1516
1461
1289
1492
1445
1367
1531
1422
1445
1500
1352
1531
1438
1414
1484
1367
1430
1453
1312
1375
1461
1398
1367
1547
1422
1312
1562
1305
1352
1438
1375
1586
1414
1523
1508
1414
1516
1422
1391
1508
1289
1445
1539
1422
1406
1508
1422
1453
1586
1391
1500
1469
1414
1523
1445
1422
1477
1320
1422
1477
1383
1492
1383
1367
1453
1344
1359
1523
1352
1484
1617
1414
1500
1492
1195
1156
1258
1500
1594
1352
1570
1484
1438
1625
1391
1492
1461
1539
1516
1453
1547
1391
1484
1484
1414
1492
1461
1469
1516
1406
1422
1492
1461
1570
1438
1383
1500
1406
1422
1523
1414
1562
1430
1375
1500
1305
1273
1367
1148
1391
1320
1273
1375
1273
1375
1406
1305
1344
1336
1398
1453
1453
1359
1469
1398
1461
1562
1422
1500
1586
1359
1445
1430
1414
1586
1359
1375
1617
1477
1547
1555
1531
1477
1438
1359
1500
1469
1328
1508
1414
1312
1414
1328
1445
1312
1367
1453
1414
1336
1555
1391
1453
1594
1422
1469
1484
1328
1398
1562
1391
1500
1484
1352
1508
1516
1398
1422
1344
1422
1531
1453
1516
1602
1430
1469
1469
1359
1469
1477
1391
1539
1461
1422
1508
1320
1406
1406
1305
1508
1414
1461
1555
1438
1445
1562
1359
1516
1492
1367
1453
1352
1438
1469
1352
1422
1445
1359
1336
1422
1328
1383
1383
1297
1430
1359
1164
1164
1070
1258
1531
1312
1578
1430
1508
1570
1398
1570
1516
1383
1516
1461
1508
1547
1414
1484
1523
1422
1617
1523
1414
1484
1453
1477
1531
1414
1445
1594
1422
1414
1461
1336
1461
1383
1359
1367
1219
1305
1500
1383
1594
1375
1445
1391
1391
1648
1477
1492
1578
1367
1375
1547
1305
1492
1656
1469
1539
1461
1477
1578
1484
1523
1508
1445
1461
1414
1430
1469
1328
1391
1562
1422
1469
1484
1438
1680
1477
1438
1492
1406
1430
1586
1320
1430
1398
1289
1484
1414
1477
1625
1406
1461
1477
1406
1445
1406
1320
1523
1414
1484
1406
1422
1477
1398
1375
1547
1367
1391
1508
1422
1461
1531
1438
1508
1609
1359
1453
1359
1469
1523
1484
1406
1250
1492
1273
1562
1336
1320
1602
1453
1430
1531
1414
1492
1469
1422
1539
1375
1477
1445
1406
1500
1438
1508
1531
1414
1516
1414
1500
1516
1352
1391
1438
1391
1516
1445
1422
1578
1336
1289
1531
1328
1516
1453
1469
1586
1398
1461
1570
1469
1516
1414
1406
1383
1219
1438
1477
1445
1547
1477
1469
1492
1367
1500
1516
1477
1672
1500
1477
1484
1383
1406
1477
1336
1305
1414
1391
1516
1398
1367
1500
1305
1398
1523
1453
1469
1367
1312
1500
1391
1438
1578
1344
1477
1453
1336
1500
1445
1445
1430
1289
1477
1414
1305
1531
1414
1406
1523
1195
1188
1641
1422
1562
1492
1438
1531
1422
1438
1578
1336
1398
1484
1430
1562
1492
1461
1570
1508
1484
1492
1422
1555
1492
1430
1523
1406
1391
1438
1391
1555
1508
1352
1281
1547
1344
1344
1461
1352
1367
1578
1469
1555
1531
1477
1492
1406
1383
1469
1430
1547
1523
1523
1648
1570
1570
1555
1578
1484
1203
1695
1516
1609
1625
1445
1594
1359
1453
1570
1430
1500
1469
1398
1586
1453
1438
1445
1258
1453
1344
1531
1500
1586
1484
1375
1445
1359
1336
1438
1438
1492
1500
1391
1523
1438
1398
1539
1383
1352
1484
1406
1414
1570
1422
1461
1453
1406
1539
1375
1391
1328
1203
1555
1484
1516
1359
1258
1562
1539
1172
945
953
984
1070
977
938
984
969
906
988
1070
914
898
906
898
906
898
867
883
914
984
938
1102
1344
1391
1328
1430
1445
1406
1438
1367
1219
1094
1289
1484
1695
1500
1398
1570
1367
1609
1531
1414
1445
1078
977
1719
1438
1766
1477
1648
1555
1188
1031
1070
984
1031
1016
1523
1320
1586
1484
1688
1602
1539
1648
1469
1453
1461
1352
1477
1484
1406
1477
1531
1383
1227
1773
1508
1578
1547
1328
1445
1297
1258
1461
1383
1336
1398
1328
1367
1508
1422
1281
1430
1305
1344
1406
1289
1445
1453
1266
1508
1383
1352
1484
1375
1547
1516
1414
1500
1398
1414
1508
1406
1367
1492
1328
1344
1453
1164
992
1094
1039
1664
1602
1438
1422
1398
1336
1562
1391
1477
1516
1406
1477
1516
1438
1547
1359
1430
1406
1320
1375
1289
1250
1453
1352
1469
1672
1477
1594
1562
1391
1570
1508
1406
1484
1367
1445
1562
1430
1508
1477
1375
1555
1398
1359
1422
1281
1336
1422
1297
1344
1398
1352
1438
1375
1219
1359
1312
1375
1461
1391
1430
1516
1406
1523
1547
1516
1523
1312
1273
1617
1445
1570
1641
1188
1539
1422
1383
1602
1391
1398
1461
1406
1406
1477
1383
1195
1445
1336
1422
1398
1109
1523
1438
1391
1602
1492
1445
1469
1305
1516
1500
1320
1352
1367
1305
1570
1477
1359
1461
1484
1359
1531
1406
1336
1320
1281
1336
1555
1430
1391
1477
1297
1344
1406
1336
1367
1500
1375
1391
1508
1398
1555
1484
1414
1484
1352
1453
1492
1258
1141
1516
1367
1484
1383
1336
1445
1273
1367
1414
1211
1227
1344
1266
1086
1492
1352
1344
1500
1398
1352
1492
1414
1320
1469
1219
1188
1344
1070
1625
1500
1500
1461
1359
1102
1539
1500
1508
1508
1430
1523
1375
1414
1531
1453
1438
1551
1664
1555
1531
1391
1352
1594
1469
1406
1555
1406
1367
1391
1422
1445
1391
1273
1305
1297
1109
1203
1539
1250
1109
1305
1070
1242
1297
1055
1055
1234
1102
1039
1133
1289
1039
1016
1094
1055
1031
1047
984
1016
1695
1328
1414
1461
1211
1406
1445
1219
1469
1414
1227
1414
1445
1406
1539
1469
1414
1547
1414
1477
1453
1375
1414
1352
1133
1195
1453
1352
1531
1578
1422
1375
1188
1359
1242
1109
1289
1297
1117
1438
1422
1227
1336
1344
1125
1000
1023
1305
1070
1031
1094
1031
1141
1609
1250
1445
1406
1195
1109
1422
1328
1188
1484
1250
1117
1500
1438
1141
1219
1500
1422
1523
1539
1531
1555
1445
1500
1445
1461
1430
1297
1328
1430
1203
1484
1461
1273
1266
1297
1125
1141
1008
938
984
1633
1227
1578
1344
1203
1484
1320
1242
1438
1375
1188
1406
1344
1148
1031
1578
1445
1570
1352
1352
1523
1375
1273
1453
1352
1211
1453
1430
1203
1430
1375
1188
1492
1461
1445
1492
1391
1383
1531
1328
1375
1461
1297
1469
1406
1375
1633
1492
1422
1539
1555
1523
1391
1297
1375
1227
1406
1406
1234
1398
1289
1133
1148
1047
953
953
1016
1398
1430
1328
1102
1125
1273
1109
1508
1234
1031
969
1758
1367
1477
1578
1359
1461
1422
1078
1000
1648
1344
1672
1492
1180
1469
1117
1000
1031
1102
1031
1023
1172
1008
977
977
977
930
922
914
906
891
891
883
898
875
875
875
867
867
906
1344
1195
1117
1312
1438
1195
1492
1367
1398
1641
1383
1242
1727
1367
1461
1570
1344
1438
1172
1109
1758
1383
1406
1422
1125
1055
1125
984
1070
1508
1360
1398
1156
1180
1203
984
984
977
1047
1117
1145
1172
953
1175
1398
1406
1414
1531
1344
1312
1578
1336
1234
1484
1617
1641
1602
1336
1531
1430
1477
1594
1266
1555
1367
1297
1602
1406
1383
1648
1344
1281
1469
1453
1312
1477
1453
1352
1414
1406
1250
1484
1414
1281
1438
1383
1266
1266
1352
1242
1039
1000
1172
1148
1625
1508
1391
1516
1320
1336
1461
1336
1531
1570
1336
1445
1414
1320
1531
1438
1398
1500
1422
1367
1453
1328
1094
1461
1375
1273
1531
1445
1469
1438
1383
1430
1398
1344
1320
1422
1242
1273
1531
1422
1445
1484
1320
1492
1500
1344
1242
1406
1141
1406
1508
1445
1586
1359
1375
1430
1297
1453
1383
1383
1516
1445
1398
1484
1492
1336
1453
1422
1391
1562
1461
1336
1250
1078
1297
1617
1430
1500
1523
1500
1547
1406
1477
1414
1391
1531
1492
1328
1617
1602
1578
1617
1523
1438
1539
1461
1477
1516
1375
1438
1438
1289
1383
1555
1367
1375
1398
1328
1086
1586
1453
1445
1547
1305
1477
1484
1281
1398
1469
1398
1602
1414
1297
1430
1250
1266
1562
1445
1359
1477
1305
1438
1500
1375
1445
1461
1320
1484
1422
1383
1562
1438
1398
1477
1422
1414
1492
1375
1469
1516
1398
1547
1523
1477
1680
1484
1602
1586
1422
1422
1320
1828
1430
1344
1578
1438
1461
1508
1352
1273
1359
1211
1078
1352
1406
1297
1430
1453
1312
1547
1391
1258
1453
1461
1328
1492
1312
1297
1453
1367
1578
1477
1320
1453
1367
1492
1492
1336
1453
1523
1352
1086
1219
1422
1461
1492
1445
1461
1320
1328
1297
1266
1500
1430
1375
1477
1352
1477
1461
1391
1469
1453
1422
1477
1430
1406
1430
1336
1102
1086
1039
953
969
1070
1016
1102
1047
984
1039
1008
1016
1500
1438
1383
1469
1445
1414
1539
1438
1430
1578
1625
1453
1555
1477
1656
1508
1578
1727
1469
1367
1508
1406
1367
1555
1320
1508
1523
1414
1477
1562
1367
1422
1398
1289
1469
1383
1359
1430
1297
1516
1492
1422
1508
1375
1336
1477
1336
1422
1547
1375
1516
1469
1344
1469
1445
1375
1453
1367
1273
1484
1453
1359
1508
1430
1430
1477
1414
1320
1469
1398
1602
1422
1258
1023
1555
1617
1734
1758
1641
1625
1531
1430
1430
1492
1430
1336
1555
1617
1461
1438
1398
1375
1453
1422
1328
1492
1406
1344
1438
1375
1344
1484
1344
1406
1461
1406
1406
1523
1367
1453
1469
1359
1461
1406
1328
1430
1414
1297
1453
1398
1359
1500
1383
1398
1516
1383
1500
1477
1398
1531
1438
1375
1445
1383
1422
1508
1383
1500
1414
1336
1438
1391
1391
1555
1383
1383
1391
1281
1453
1352
1305
1461
1367
1508
1430
1430
1602
1359
1430
1492
1352
1492
1484
1523
1586
1422
1555
1484
1453
1484
1344
1531
1438
1523
1570
1406
1586
1469
1461
1484
1352
1445
1508
1359
1445
1414
1398
1516
1398
1477
1422
1359
1516
1352
1336
1414
1375
1500
1375
1469
1562
1430
1453
1273
1328
1430
1359
1469
1383
1375
1461
1375
1516
1367
1445
1414
1328
1445
1344
1406
1484
1328
1453
1469
1383
1531
1391
1406
1680
1484
1664
1492
1523
1562
1375
1484
1453
1500
1570
1414
1461
1555
1406
1570
1359
1070
1047
977
1070
1555
1141
992
984
953
1406
1320
1453
1359
1516
1523
1500
1664
1633
1500
1625
1508
1602
1602
1438
1453
1586
1445
1766
1547
1539
1719
1523
1492
1570
1352
1594
1500
1398
1586
1453
1523
1469
1320
1648
1531
1250
1430
1266
1258
1422
1250
1586
1336
1414
1531
1398
1500
1414
1398
1555
1383
1383
1516
1430
1492
1523
1398
1562
1516
1453
1602
1422
1461
1477
1375
1516
1367
1344
1461
1297
1555
1672
1547
1375
1039
1016
1297
1062
1703
1523
1688
1594
1508
1664
1461
1602
1500
1172
1039
1070
1023
1586
1406
1242
1133
1211
1414
1742
1703
1672
1836
1594
1547
1688
1578
1477
1617
1492
1438
1727
1547
1508
1539
1336
1414
1617
1438
1438
1523
1328
1469
1445
1250
1469
1430
1344
1453
1422
1383
1539
1523
1398
1500
1430
1383
1547
1383
1414
1555
1461
1391
1594
1469
1453
1625
1477
1469
1633
1523
1375
1516
1375
1477
1391
1211
1578
1406
1258
1453
1344
1242
1445
1312
1523
1500
1430
1602
1492
1469
1664
1430
1555
1562
1477
1625
1469
1500
1664
1453
1594
1531
1391
1539
1484
1422
1531
1352
1547
1531
1344
1516
1398
1445
1531
1469
1445
1523
1367
1422
1430
1344
1523
1484
1359
1469
1445
1664
1430
1328
1469
1367
1570
1633
1547
1664
1453
1586
1508
1352
1484
1398
1359
1609
1477
1547
1523
1391
1547
1430
1383
1516
1398
1516
1633
1430
1570
1516
1469
1547
1445
1500
1508
1109
984
1008
1438
1672
1758
1805
1680
1547
1531
1391
1492
1578
1438
1586
1469
1609
1633
1422
1516
1523
1500
1617
1523
1594
1586
1406
1539
1469
1484
1523
1438
1523
1508
1320
1594
1523
1477
1586
1586
1406
1664
1484
1453
1648
1445
1531
1547
1438
1656
1422
1586
1508
1398
1609
1492
1469
1539
1406
1461
1516
1414
1562
1570
1375
1516
1469
1320
1492
1414
1320
1430
1281
1297
1641
1398
1508
1516
1398
1594
1477
1586
1500
1367
1555
1477
1555
1547
1445
1688
1430
1547
1547
1391
1523
1453
1406
1523
1398
1461
1617
1375
1516
1586
1461
1578
1430
1492
1633
1438
1625
1523
1508
1406
1258
1602
1492
1516
1523
1398
1492
1641
1367
1586
1508
1383
1508
1289
1297
1570
1312
1406
1492
1523
1398
1719
1570
1484
1633
1367
1617
1547
1406
1516
1391
1578
1484
1367
1766
1422
1648
1555
1555
1656
1453
1562
1461
1531
1648
1414
1562
1500
1555
1555
1422
1484
1398
1398
1656
1477
1445
1484
1422
1547
1461
1531
1602
1344
1602
1516
1484
1617
1461
1617
1398
1375
1469
1477
1508
1758
1484
1617
1531
1594
1602
1508
1555
1516
1500
1633
1445
1562
1523
1383
1617
1516
1453
1539
1328
1398
1453
1391
1539
1469
1383
1570
1352
1523
1586
1414
1523
1367
1516
1477
1242
1477
1297
1570
1344
1336
1406
1547
1422
1406
1656
1422
1492
1508
1398
1508
1430
1438
1398
1406
1609
1461
1570
1508
1492
1672
1383
1461
1539
1414
1531
1414
1445
1578
1383
1531
1500
1414
1516
1414
1438
1594
1234
1367
1492
1352
1695
1422
1477
1469
1383
1602
1453
1555
1500
1461
1633
1414
1508
1516
1430
1641
1414
1500
1547
1484
1594
1469
1391
1539
1391
1445
1547
1422
1664
1492
1523
1469
1336
1461
1531
1508
1633
1414
1383
1430
1359
1578
1414
1539
1539
1398
1539
1453
1469
1523
1484
1477
1359
1492
1570
1406
1641
1453
1516
1633
1477
1609
1484
1477
1531
1352
1539
1492
1352
1422
1445
1422
1531
1320
1727
1328
1117
1180
1570
1445
1609
1375
1445
1438
1430
1602
1453
1531
1469
1438
1289
1047
953
914
961
1055
1031
1195
1492
1211
1070
984
1031
969
945
1000
1039
984
1008
1453
1422
1305
1070
1023
1164
1164
1055
1188
1086
1118
1086
1114
1141
1297
1281
1109
977
969
945
906
922
898
906
898
1289
1336
1172
1484
1500
1422
1750
1633
1406
1742
1422
1367
1547
1320
1312
1570
1445
1828
1461
1531
1359
1102
1617
1547
1352
1609
1312
1672
1320
1609
1383
1414
1594
1445
1648
1492
1453
1742
1414
1516
1695
1406
1648
1562
1531
1586
1414
1680
1375
1414
1500
1414
1508
1508
1398
1500
1492
1289
1117
984
1055
1875
1719
1766
1719
1781
1539
1695
1594
1578
1672
1508
1562
1562
1469
1719
1523
1578
1742
1469
1570
1523
1523
1617
1406
1555
1398
1453
1562
1320
1023
961
938
1008
1008
1680
1586
1852
1719
1836
1703
1523
1664
1516
1531
1570
1422
1695
1594
1469
1617
1453
1625
1594
1570
1648
1430
1555
1461
1320
1602
1344
1266
1492
1391
1445
1688
1344
1570
1555
1422
1625
1375
1391
1516
1414
1594
1453
1453
1656
1469
1438
1312
1359
1602
1539
1531
1633
1445
1555
1500
1430
1461
1320
1461
1516
1344
1422
1281
1273
1594
1359
1508
1391
1414
1609
1445
1531
1734
1516
1602
1469
1594
1617
1453
1602
1445
1484
1570
1359
1484
1492
1383
1516
1469
1609
1586
1438
1672
1422
1492
1570
1438
1484
1562
1523
1492
1367
1484
1562
1523
1680
1406
1641
1469
1422
1469
1445
1555
1492
1547
1719
1328
1680
1477
1508
1758
1484
1648
1438
1453
1570
1398
1523
1547
1383
1477
1352
1383
1461
1359
1461
1477
1398
1461
1344
1539
1312
1547
1562
1477
1648
1391
1516
1547
1383
1641
1492
1477
1562
1414
1508
1508
1391
1492
1227
1430
1367
1266
1773
1477
1492
1586
1336
1578
1562
1469
1617
1477
1523
1523
1461
1656
1453
1547
1516
1516
1625
1414
1609
1461
1414
1484
1359
1453
1539
1359
1594
1508
1445
1656
1375
1555
1461
1414
1523
1383
1586
1445
1453
1547
1539
1703
1492
1703
1484
1336
1484
1258
1578
1656
1609
1727
1406
1672
1492
1586
1555
1508
1508
1414
1477
1625
1414
1672
1500
1383
1586
1461
1508
1539
1406
1625
1453
1477
1523
1375
1617
1414
1539
1672
1453
1617
1523
1555
1656
1391
1477
1594
1477
1602
1422
1625
1438
1359
1508
1328
1602
1500
1391
1500
1328
1539
1602
1422
1602
1430
1516
1484
1359
1617
1477
1320
1500
1391
1625
1453
1586
1555
1500
1609
1422
1438
1547
1344
1508
1336
1547
1539
1438
1578
1398
1562
1391
1492
1625
1398
1438
1539
1500
1641
1477
1539
1531
1477
1758
1430
1586
1523
1414
1656
1430
1445
1500
1289
1352
1219
1414
1656
1531
1641
1398
1445
1469
1391
1664
1445
1453
1422
1430
1555
1406
1531
1359
1586
1516
1656
1602
1539
1609
1398
1555
1602
1422
1633
1430
1453
1625
1453
1602
1539
1398
1602
1531
1500
1570
1469
1641
1477
1469
1633
1328
1453
1430
1469
1586
1383
1492
1359
1352
1523
1414
1461
1617
1375
1516
1414
1289
1633
1469
1469
1531
1398
1555
1500
1398
1594
1477
1500
1578
1430
1570
1430
1445
1469
1359
1508
1578
1391
1586
1531
1578
1422
1430
1734
1398
1547
1484
1633
1523
1461
1578
1406
1383
1484
1289
1516
1484
1570
1531
1398
1570
1445
1453
1492
1297
1547
1469
1398
1641
1430
1430
1508
1383
1523
1438
1414
1531
1438
1500
1344
1289
1555
1398
1469
1438
1352
1531
1398
1328
1539
1398
1406
1609
1383
1625
1375
1398
1484
1312
1328
1594
1305
1469
1500
1391
1664
1484
1383
1578
1398
1484
1539
1406
1383
1492
1328
1562
1414
1406
1547
1352
1461
1430
1398
1508
1406
1625
1555
1469
1609
1453
1578
1438
1383
1320
1430
1500
1773
1523
1664
1414
1523
1625
1508
1484
1383
1461
1602
1453
1625
1414
1555
1422
1477
1492
1344
1539
1500
1516
1523
1406
1570
1477
1453
1531
1414
1359
1484
1344
1477
1383
1508
1602
1242
1570
1492
1477
1703
1406
1391
1516
1352
1375
1641
1328
1438
1352
1469
1461
1352
1367
1211
1414
1742
1352
1484
1492
1398
1578
1406
1492
1555
1430
1539
1359
1438
1383
1344
1516
1336
1484
1336
1383
1586
1352
1469
1633
1414
1609
1492
1484
1672
1422
1523
1516
1500
1367
1195
1523
1477
1422
1516
1391
1508
1484
1352
1508
1492
1391
1531
1375
1328
1523
1352
1422
1578
1383
1586
1547
1484
1523
1367
1477
1484
1367
1641
1469
1547
1617
1398
1531
1516
1484
1617
1430
1461
1445
1367
1547
1414
1484
1516
1352
1539
1375
1367
1492
1344
1484
1398
1320
1492
1453
1383
1359
1188
1102
1719
1445
1461
1609
1438
1547
1500
1352
1523
1445
1414
1484
1359
1680
1477
1555
1367
1383
1469
1453
1406
1648
1414
1609
1516
1469
1617
1477
1625
1547
1484
1672
1359
1414
1500
1156
1016
953
930
938
984
992
961
922
906
906
891
883
867
852
852
836
859
938
1234
1188
1359
1461
1320
1469
1633
1422
1578
1688
1375
1562
1625
1398
1031
1070
1852
1523
1570
1602
1656
1656
1508
1656
1516
1445
1609
1492
1523
1617
1461
1375
1531
1453
1375
1430
1328
1594
1602
1523
1641
1539
1430
1406
1188
1102
1594
1484
1359
1531
1461
1469
1625
1430
1492
1391
1359
1484
1391
1312
1680
1422
1609
1438
1375
1594
1414
1367
1523
1367
1531
1586
1367
1500
1453
1516
1594
1430
1516
1492
1430
1422
1477
1406
1477
1328
1047
1148
1672
1648
1750
1461
1594
1523
1492
1625
1438
1602
1500
1469
1547
1500
1547
1547
1375
1500
1492
1430
1570
1422
1492
1484
1305
1516
1508
1406
1547
1438
1445
1375
1227
1438
1484
1438
1727
1477
1586
1555
1516
1719
1492
1453
1539
1375
1531
1406
1492
1586
1430
1492
1453
1406
1477
1406
1430
1469
1414
1398
1328
1367
1461
1328
1430
1438
1156
1406
1430
1094
1062
1062
1453
1266
1281
1203
1047
1047
1070
992
1008
1023
1070
1047
1117
1078
984
969
953
1070
1133
1047
1195
1289
1133
1344
1133
1086
1281
1102
1305
1227
1031
1094
1148
1000
1047
1461
1117
1422
1680
1484
1859
1492
1484
1711
1484
1500
1625
1508
1328
1727
1406
1336
1688
1477
1438
1594
1500
1305
1484
1328
1242
1375
1359
1234
1414
1422
1266
1414
1375
1375
1500
1438
1359
1477
1344
1383
1508
1328
1438
1438
1312
1492
1312
1141
1617
1492
1453
1586
1516
1492
1609
1461
1633
1516
1352
1500
1352
1492
1562
1438
1586
1430
1398
1500
1352
1492
1500
1398
1484
1359
1352
1367
1273
1336
1375
1406
1445
1383
1367
1469
1375
1281
1484
1445
1531
1617
1445
1531
1562
1344
1508
1453
1258
1695
1461
1680
1570
1562
1688
1547
1633
1477
1547
1562
1406
1508
1375
1359
1492
1430
1367
1656
1461
1539
1648
1539
1633
1359
1375
1539
1414
1422
1586
1461
1500
1508
1453
1633
1539
1453
1523
1453
1438
1602
1391
1469
1453
1414
1648
1477
1570
1500
1414
1539
1430
1430
1570
1438
1453
1438
1445
1578
1453
1094
1023
1570
1812
1641
1672
1789
1531
1680
1516
1539
1664
1508
1477
1570
1414
1523
1641
1492
1508
1594
1391
1562
1570
1438
1570
1461
1484
1531
1398
1555
1523
1320
1305
1414
1336
1625
1438
1516
1492
1367
1539
1430
1406
1414
1367
1586
1406
1422
1617
1453
1555
1484
1398
1547
1375
1477
1547
1469
1562
1508
1430
1617
1539
1523
1586
1469
1492
1477
1367
1469
1414
1297
1609
1422
1500
1578
1430
1523
1375
1344
1531
1422
1508
1477
1305
1539
1578
1359
1648
1492
1516
1617
1477
1586
1453
1445
1609
1375
1625
1484
1359
1508
1398
1391
1492
1328
1336
1312
1219
1367
1617
1453
1758
1523
1477
1711
1445
1578
1477
1477
1609
1398
1656
1539
1422
1664
1461
1508
1562
1391
1633
1273
1047
1492
1375
1320
1492
1516
1734
1438
1539
1422
1414
1547
1438
1531
1516
1375
1477
1336
1477
1578
1422
1531
1484
1438
1469
1320
1391
1367
1273
1570
1484
1477
1625
1453
1602
1539
1492
1531
1422
1391
1578
1422
1422
1531
1227
1094
1500
1125
1859
1523
1734
1695
1531
1555
1406
1500
1570
1469
1523
1445
1492
1578
1391
1516
1539
1461
1617
1430
1422
1617
1398
1492
1516
1414
1531
1500
1492
1727
1445
1492
1492
1406
1602
1680
1547
1633
1617
1633
1727
1711
1578
1531
1547
1375
1477
1477
1359
1531
1430
1289
1227
1414
1180
1516
1367
1094
1094
1125
1047
1039
1570
1336
1320
1477
1289
1086
1039
1555
1367
1516
1289
1484
1539
1312
1617
1445
1172
1133
1289
1227
1336
1445
1555
1500
1453
1418
1383
1102
1039
1219
1492
1586
1414
1633
1461
1523
1570
1516
1485
1453
1688
1625
1727
1445
1469
1453
1383
1531
1492
1406
1633
1430
1516
1406
1234
1266
1484
1117
1156
1281
1047
1180
1297
1055
1250
1469
1109
1531
1375
1398
1609
1578
1703
1523
1516
1617
1602
1578
1461
1562
1539
1469
1641
1414
1516
1578
1539
1531
1570
1523
1484
1383
1516
1445
1477
1445
1398
1508
1398
1312
1562
1414
1328
1469
1438
1422
1508
1281
1375
1273
1109
1383
1453
1180
1242
1266
1094
992
953
945
891
883
867
828
828
820
828
875
875
906
922
984
969
1578
1445
1234
1523
1383
1172
1586
1367
1344
1641
1484
1531
1477
1461
1609
1562
1594
1695
1641
1516
1492
1336
1547
1414
1328
1609
1383
1289
1422
1211
1180
1602
1359
1250
1477
1383
1227
1367
1352
1320
1430
1469
1508
1594
1406
1484
1320
1461
1383
1305
1453
1406
1328
1523
1398
1297
1469
1258
1148
1383
1422
1477
1273
1336
1242
1336
1242
1094
1109
1148
1102
1141
1547
1281
1203
1484
1336
1172
1227
1039
977
898
898
914
930
1711
1281
1102
1227
1281
1008
1000
1023
1023
977
992
1484
1188
1109
1219
1570
1602
1539
1422
1289
1352
1453
1305
1492
1461
1562
1609
1328
1281
1539
1297
1250
1469
1344
1234
1414
1406
1234
1461
1312
1281
1438
1312
1219
1258
1141
1195
1391
1156
1203
1273
1125
1164
1188
1133
1070
1078
1086