1266
1188
1445
1297
1094
1266
1297
1094
1141
1266
1312
1195
1344
1227
1047
1312
1359
1031
1133
1227
1320
1086
1242
1188
1062
930
1117
1406
1281
1406
1203
1000
930
1219
1352
1141
992
1164
1312
1180
1031
1047
1391
1227
1289
1312
1141
1016
1336
1125
922
867
1008
1562
1453
1508
1359
1406
1391
1180
1203
1391
1297
1055
1305
1055
1031
977
1484
1445
1312
1461
1328
1266
1188
1352
1297
1148
1188
1203
1086
1039
1453
1320
1141
1430
1203
1039
1031
1133
1180
1094
1141
1406
1086
1047
1141
1094
891
930
1492
1312
1266
1430
1281
1086
1297
1227
1109
898
875
1445
1312
1453
1484
1266
1445
1367
1266
1117
1312
1258
984
1000
1406
1344
1250
1398
1273
1062
1031
1117
1406
1227
984
891
898
1367
1398
1555
1344
1477
1414
1273
1367
1383
1297
1211
1430
1320
1000
914
852
883
1031
1523
1398
1484
1273
1266
1398
1320
1352
1469
1375
1305
1375
1359
1281
1320
1375
1180
1117
1195
1070
1039
1078
1594
1469
1266
969
969
883
1203
1461
1359
1203
1500
1242
1414
1344
1172
1398
1359
1227
1242
1297
1234
930
906
906
1109
1133
1305
1008
1031
914
891
883
836
797
789
828
836
820
805
828
797
797
805
789
789
781
766
758
727
719
711
703
695
688
680
695
742
734
734
758
773
1031
1289
1141
1219
1336
1164
1281
1414
1180
1484
1438
1430
1508
1328
1375
1492
1211
1414
1133
1359
1453
1531
1398
1492
1344
1305
1414
1031
1023
1000
1187
1375
1562
1477
1477
1414
1273
1289
1375
1281
1023
953
1391
1047
1469
1438
1375
1352
1375
1336
1336
1281
977
1430
1133
1023
1500
1336
1195
1359
1352
1078
1070
1070
1078
1055
1516
1305
1125
1312
992
1188
1148
1031
961
1469
1406
1258
1406
1250
1062
1367
1180
1008
1062
1383
1141
906
906
1453
1367
1461
1273
1328
1344
1234
898
875
1477
1367
1398
1422
1344
1359
1305
1219
906
891
1500
1258
1531
1383
1273
1375
1312
1211
1336
1242
1016
1445
1305
1180
906
961
1477
1188
1469
1414
1234
1398
1344
1219
1359
1328
1188
1000
1406
1273
1094
1070
1008
938
930
945
938
1492
1289
1461
1445
1281
1391
1234
1195
1406
1250
1047
977
961
1102
953
945
1047
961
914
1453
1234
1148
1320
1250
1297
1406
1352
1344
1398
1398
1266
1359
1375
1250
1234
1508
1344
1305
1359
1383
1164
1258
1375
1117
1242
1453
1258
1164
1117
1125
945
953
1184
1414
1383
1422
1203
1219
1336
1320
1039
1250
1164
1125
1008
1176
1344
1234
1227
1320
1195
1117
1320
1305
1082
859
1149
1438
1422
1516
1375
1609
1414
1336
1438
1297
1320
1375
1234
1039
1016
1109
1000
945
1031
1207
1383
1266
1398
1398
1562
1414
1289
1414
1289
922
883
1172
969
1602
1484
1523
1508
1359
1234
1406
1344
1234
1477
1422
1258
1195
1352
1250
1070
1219
1422
1250
1156
1461
1305
1102
1297
1414
1156
938
867
1430
1273
1422
1039
1516
1391
1328
1430
1289
1312
1352
1273
1156
1211
1031
898
852
1547
1477
1391
1453
1320
1219
1445
1266
1094
922
852
859
1000
1461
961
945
1586
1422
1500
1445
1305
1500
1477
1312
1016
1062
1430
1289
1570
1461
1352
1484
1344
1352
1430
1312
1148
1305
1039
1031
1039
1218
1398
1273
1398
1320
1117
1242
1344
1164
1000
1133
1383
1188
1195
1312
1133
1016
1289
1297
992
1320
1133
945
1023
1281
953
977
1086
1055
1062
1133
1453
1281
1055
1133
1273
1195
1039
1383
1477
1203
1445
1422
1234
1164
1320
1320
1008
1383
984
961
930
1586
1469
1547
1547
1406
1539
1328
1336
1359
1320
1109
1258
992
898
906
1508
1273
1359
1578
1305
1453
1422
1273
1430
1359
1258
1031
1469
1352
1109
1289
1414
1312
1141
1242
1250
1070
1078
1414
1328
984
914
883
1438
1516
1477
1352
773
1578
1188
1359
1508
1320
1250
1375
1359
1195
1172
1445
1234
1156
1188
969
859
852
953
1500
1352
1492
1359
1492
1359
1367
1414
1305
1250
1359
1344
1273
1227
1430
1250
1039
1281
1250
1312
1039
1469
1227
1008
1070
1461
1383
1273
1234
1305
1312
1125
1258
1422
1156
1031
1023
953
914
1023
1508
1234
1461
1328
1414
1367
1297
1383
1422
1297
1242
1422
1297
1258
1008
1367
1156
1219
1383
1453
1328
1055
1227
1219
1078
984
1086
1266
922
852
820
1508
1305
1062
1500
1281
1156
1375
1312
1141
984
1398
1047
938
1469
1195
1305
1359
1281
1070
1320
1430
1242
1336
1320
1156
992
1062
1367
1289
1156
1375
1336
1227
1234
1367
1328
1172
1398
1352
1164
1234
1305
1188
992
1062
938
852
906
1523
1367
1516
1336
1195
1406
1328
1195
1211
1414
1344
1156
1242
1391
1203
961
1484
1305
1266
1406
1305
1219
1164
1289
1305
1195
1242
1344
1148
1383
1391
1109
1250
1320
1141
969
1164
1398
1195
992
1055
906
852
1000
1196
1391
1445
1383
1211
1414
1352
1242
1281
1312
1203
1016
1367
1422
1258
1203
1391
1172
1070
1461
1320
1195
1453
1352
1195
1195
1445
1273
1172
1320
1352
1117
1242
1219
1086
1070
1305
1273
898
1055
1328
1188
1047
1352
1453
1328
1258
1352
1320
1148
1289
1359
1180
1023
1250
1344
1180
984
1062
1469
1148
1211
1438
1273
1344
1398
1281
1203
1430
1234
1016
1195
1367
1305
1039
1203
1383
1070
1062
1320
1359
1133
1172
1109
1102
1125
1281
1242
1023
1125
1258
1281
1078
1203
1391
1305
1164
1453
1375
1242
1172
1273
1297
1055
1266
1367
1172
1062
1320
1391
1203
1414
1297
1133
1352
1297
1227
1039
1148
1414
1156
1148
1406
1227
1078
1203
1492
1359
1188
1312
1328
1117
1234
1438
1242
1219
1211
1344
1078
1109
1375
1297
1062
1375
1258
1109
1164
1375
1195
1055
1188
1281
1125
1094
1336
1305
1102
1148
1281
1320
1102
1320
1398
1227
1289
1312
1266
1172
1352
1281
1070
1062
1539
1352
1328
1414
1289
1172
1336
1281
1188
1102
1258
1398
1156
1039
1312
1352
1250
1086
1305
1352
1227
992
1336
1289
1133
1141
1281
1367
1078
1071
1086
945
1352
1297
1047
1266
1391
1031
1281
1320
1203
1102
1133
1289
1172
1258
1461
1297
1125
1180
1227
1102
1023
1258
1383
1227
1086
1180
1242
1195
1055
1164
1344
1078
1102
1289
1336
1148
1375
1258
1219
1070
1281
1414
1148
1305
1312
1188
1094
1258
1234
1062
1086
1172
1305
1062
1117
1297
1203
1086
1273
1273
1008
1406
1258
1156
1164
1297
1258
1094
1203
1352
1234
1148
1289
1289
1109
1141
1188
1242
1055
1383
1320
1180
1375
1273
1117
1180
1258
1328
1133
1219
1258
1109
1125
1367
1336
1109
1273
1305
1141
1148
1328
1273
1102
1219
1406
1070
1133
1414
1141
1039
1469
1352
1258
1273
1367
1219
1023
1305
1219
1273
1055
1258
1336
1250
1133
1242
1297
1133
1062
1312
1320
1141
1156
1203
1328
1125
1164
1312
1242
1125
1156
1375
1180
1117
1250
1359
1203
1273
1289
1156
1125
1281
1375
1266
1086
1219
1344
1203
1211
1203
1336
1094
1211
1266
1086
1102
1336
1336
1109
1195
1273
1133
1133
1375
1289
1102
1328
1281
1141
1078
1195
1352
1172
1164
1227
1266
1070
1094
1266
1266
1047
1195
1391
1180
1156
1250
1352
1102
1102
1297
1359
1148
1352
1305
1203
1242
1320
1336
1203
1156
1281
1242
1008
1055
1344
1227
1031
1305
1227
1156
1055
1273
1305
1070
1109
1078
1055
1070
1398
1297
1102
1328
1281
1109
1258
1297
1133
1266
1414
1273
1156
1258
1328
1102
1180
1336
1094
1156
1352
1359
1258
1398
1297
1094
1258
1211
1188
1000
1094
1250
1180
1039
1242
1344
1164
1062
1227
1312
1070
1172
1219
1336
1164
1305
1367
1211
1219
1250
1328
1047
1070
1250
1352
1258
1352
1328
1180
1211
1266
1055
1141
1320
1219
1078
1055
1242
1312
1164
1297
1266
1086
1227
1398
1219
1195
1375
1281
1055
1250
1219
1289
1031
1086
1148
1273
1133
1250
1383
1203
1141
1242
1305
1172
1320
1297
1172
1070
1266
1352
1148
1164
1312
1320
1078
1234
1391
1258
1102
1211
1297
1117
1195
1328
1148
1102
1305
1320
1164
1203
1148
1250
1055
1133
1391
1305
1047
1039
1297
1375
1188
1266
1289
1086
1117
1406
1266
1008
1352
1328
1164
1023
1203
1398
1227
1234
1273
1258
984
1094
1195
1227
1102
1227
1266
1156
1055
1242
1305
1062
1102
1250
1352
1086
1102
1305
1328
1219
1289
1383
1180
1266
1344
1156
1055
1156
1375
1117
1102
1219
1336
1055
1305
1242
1203
1070
1094
1383
1352
1047
1336
1258
1328
1148
1383
1266
1047
1086
1352
1297
1078
1359
1242
1094
1008
1188
1352
1078
1094
1273
1352
1227
1461
1320
1156
1289
1281
1281
1062
1398
1359
1281
1195
1242
1297
1086
1234
1273
1188
1062
1312
1391
1172
1125
1281
1109
922
961
1367
1234
1094
1320
1328
1125
1047
1383
1242
1047
1102
1203
1344
1188
1188
1375
1117
1344
1375
1312
1383
1320
1133
1273
1266
1281
1148
1188
1375
1172
1148
1359
1398
1156
1391
1328
1047
1312
1398
1219
1172
1250
1297
1172
1180
1289
1359
1164
1312
1211
1195
883
820
797
875
1430
1430
1336
1406
1359
1328
1148
1367
1305
1281
1070
1359
1359
1281
1023
1398
1328
1305
1156
1258
1312
1164
1039
1188
1375
1164
1102
1250
1305
1031
1133
1328
1320
1086
1391
1297
1070
1227
1469
1258
906
875
1055
1234
1594
1492
1414
1445
1438
1328
1375
1273
1383
1328
1297
1117
1445
1320
1203
1180
1484
1383
1125
1219
1398
1258
1109
1367
1336
1188
1273
1266
1180
1062
1375
1297
1156
1344
1273
1156
1047
1172
1406
1195
1219
1227
1305
1094
1148
1430
1234
1109
1258
1383
1156
1203
1352
1180
1172
1219
1328
1109
1172
1352
1117
1109
1164
1320
1094
1211
1273
1156
1086
1227
1344
1188
1289
1375
1156
1172
1352
1297
1258
1375
1320
1078
1312
1242
1133
1125
1242
1328
1141
1172
1305
1102
1297
1367
1172
1172
1227
1273
1133
1242
1352
1148
1203
1203
1164
1055
1211
1281
1039
1125
1172
1094
1125
1344
1320
1164
1344
1320
1164
1258
1211
1352
1234
1406
1305
1133
1297
1320
1242
1258
1312
1242
1117
1398
1227
1133
1148
1312
1305
1023
1195
1336
1125
1109
1438
1281
1266
1320
1250
1055
1414
1227
1109
1102
1273
1273
1078
1164
1297
1219
1117
1195
1328
1070
1344
1211
1172
1078
1312
1359
1156
1328
1281
1078
1188
1297
1273
1180
1195
1289
1078
1227
1383
1164
1312
1188
1164
1109
1305
1320
1047
1242
1195
1016
1062
1328
1273
1000
1352
1141
1055
1164
1328
1367
1164
1266
1328
1203
1141
1273
1289
1188
1289
1344
1203
1336
1234
1094
1195
1445
1258
1172
1336
1320
1180
1250
1273
1227
1203
1336
1211
1094
1125
1273
1250
1094
1242
1312
1117
1203
1320
1227
1117
1258
1352
1156
1273
1336
1234
1070
1227
1328
1055
1336
1188
1188
1109
1344
1398
1180
1297
1234
1203
1148
1328
1227
1055
1141
1273
1297
1211
1211
1312
1156
1273
1242
1094
1039
1367
1352
1195
1297
1320
1172
1336
1391
1148
1273
1273
1109
1273
1328
1219
1078
1211
1305
1219
1078
1336
1320
1117
1125
1219
1352
1094
1141
1250
1391
1289
1258
1250
1164
1180
1422
1328
1164
1281
1336
1109
1328
1281
1172
1078
1266
1383
1258
1078
1258
1375
1062
1141
1141
1430
1406
1484
1359
1250
1359
1250
1031
1109
1445
1047
1383
1297
1266
1086
1352
1352
1133
1359
1211
1078
1008
1141
1312
1211
1133
1234
1281
984
1148
1047
1242
1172
1297
1391
1227
1211
1352
1188
1109
1312
1359
1102
1383
1273
1109
1047
1352
1406
1203
1258
1391
1234
1062
1281
938
820
797
812
1438
992
859
906
961
961
906
922
961
875
844
828
852
859
914
1422
1234
1211
1172
1352
1336
1234
1016
930
1312
992
1570
1484
1391
1516
1344
1289
1344
1250
1039
1094
1492
1344
1188
1406
1273
1172
1039
1414
1352
1047
1227
1227
1188
1055
1320
1367
1312
1109
1375
1234
1055
961
1469
1344
1086
1312
1320
1117
1016
1352
1359
1156
1258
1250
1172
1008
1320
1297
1219
1039
1289
1195
1086
1164
1453
1297
1266
1242
1375
1188
1297
1352
1305
1156
1422
1375
1109
1117
1297
1359
1195
1172
1344
1141
1367
1430
1281
1219
1297
1336
1133
1234
1297
1203
1039
1359
1375
1148
1148
1359
1242
1055
1078
1422
1383
1203
1242
1320
1109
1156
1266
1156
1117
1250
1375
1141
1273
1383
1258
1164
1250
1383
1211
1375
1289
1125
1078
1375
1352
1156
1312
1227
1062
1203
1219
1305
1039
1195
1367
1164
1234
1344
1203
1039
1117
1359
1305
1266
1359
1289
1086
1195
1352
1195
1109
1336
1312
1133
1281
1359
1250
1055
1266
1336
1172
1125
1242
1258
1078
1062
1211
1383
1117
1336
1383
1227
1375
1359
1289
1305
1406
1305
1055
1211
1391
1266
1273
1266
1273
1016
1156
1344
1320
1273
1312
1180
1109
1141
1359
1188
1219
1344
1383
1164
1133
1188
1289
1000
883
836
852
867
1039
945
875
883
844
789
789
773
766
781
820
797
820
828
836
820
820
797
812
812
789
812
781
781
781
797
766
750
742
727
711
703
719
750
758
789
812
844
1164
1289
1141
1312
1258
1203
977
1461
1391
1258
1195
1406
1219
1117
1453
1320
992
1477
1328
1102
992
1242
1422
1219
1016
1328
1375
1164
1125
1250
1398
1062
1297
1344
1117
1047
1211
1453
1188
1312
1250
1141
1180
1391
1258
1016
1016
1133
1227
1070
1125
1320
1164
992
1141
1242
1125
1062
1133
1312
1109
1188
1305
1133
1008
1102
1344
1273
1164
1359
1211
1039
1031
1133
1211
1133
1008
1312
1359
1234
1391
1250
1023
1289
1336
1094
1055
1414
1336
1070
1422
1336
1086
1062
1383
1328
1211
1273
1250
1109
1055
1406
1359
992
1312
1242
1039
992
1258
1289
1125
1273
1250
1156
1047
1211
1375
1203
1070
1328
1367
1148
1141
1297
1375
1180
1273
1438
1195
1242
1297
1375
1117
1273
1422
1242
1273
1250
1367
1164
1367
1383
1133
992
1406
1297
953
1047
1109
1328
1086
1273
1445
1266
1164
1180
1281
1188
1047
1188
1352
1242
1047
1328
1375
1219
1062
1203
1391
1164
1211
1406
1281
1234
1305
1156
1031
1461
1359
1328
1211
1445
1297
1125
1195
1445
1227
1047
1477
1273
1164
1320
1336
1102
1227
1211
1070
1156
1422
1234
1086
1289
1375
1188
1258
1289
1281
1117
1305
1414
1234
1281
1305
1328
1117
1352
1469
1242
1242
1297
1383
1141
1477
1406
1234
1305
1367
1273
1117
1328
1297
1211
1062
1281
1352
1078
1391
1375
1242
1156
1320
1367
1023
1094
1203
1086
1109
1117
1242
1328
1336
1273
1297
1172
1375
1352
1195
1188
1344
1391
1195
1297
1344
1336
1289
1438
1328
1172
1414
1383
1195
1312
1398
1312
1266
1367
1312
1172
1406
1312
1125
1172
1352
1383
1133
1203
1312
1234
1141
1305
1398
1281
1289
1352
1328
1234
1297
1438
1242
1367
1414
1242
1188
1344
1367
1156
1344
1391
1219
1297
1297
1289
1156
1383
1375
1172
1195
1258
1336
1070
1281
1328
1141
1086
1148
1227
1258
1211
1281
1320
1141
1289
1406
1250
1219
1375
1281
1102
1234
1539
1344
1234
1273
1414
1250
1281
1445
1328
1117
1312
1344
1289
1109
1250
1344
1148
1188
1242
1352
1172
1492
1328
1172
1406
1375
1234
1031
1148
1359
1336
1305
1367
1281
1273
1258
1305
1141
1289
1453
1266
1281
1336
1359
1125
1219
1406
1266
1039
1336
1305
1211
1148
1305
1383
1188
1336
1352
1281
1211
1398
1383
1094
1445
1391
1195
1344
1383
1242
1117
1289
1375
1102
1320
1305
1172
1102
1305
1297
1031
1242
1336
1273
1070
1281
1414
1250
1180
1227
1367
1188
1391
1336
1203
1148
1414
1328
1109
1320
1461
1328
1250
1398
1297
1055
1398
1344
1234
1156
1312
1430
1281
1281
1438
1273
1141
1352
1312
1094
1359
1281
1188
1109
1500
1328
1062
1477
1328
1148
1398
1359
1258
1180
1391
1375
1234
1289
1414
1320
1320
1383
1328
1273
1062
1422
1305
1047
1180
1328
1391
1195
1234
1422
1234
1188
1398
1391
1195
1383
1328
1227
1086
1289
1383
1133
1141
1391
1367
1172
1312
1430
1234
1203
1289
1367
1258
1344
1266
1203
1148
1375
1328
1109
1219
1484
1328
1258
1328
1406
1273
1094
1320
1422
1305
1406
1398
1289
1156
1320
1297
1125
1242
1508
1328
1195
1297
1422
1227
1328
1391
1305
1070
1367
1438
1273
1234
1453
1328
1156
1352
1312
1164
1148
1289
1414
1242
1391
1422
1250
1414
1375
1180
1297
1320
1211
1133
1336
1336
1156
1266
1375
1219
1398
1375
1188
1273
1242
1328
1125
1312
1367
1156
1312
1406
1250
1055
1320
1422
1266
1367
1383
1289
1250
1359
1273
1180
1180
1430
1289
1148
1180
1312
1203
1062
1203
1266
1156
1406
1375
1289
1156
1344
1305
1227
1156
1312
1453
1203
1398
1438
1367
1266
1539
1414
1375
1430
1375
1133
1453
1359
1164
1336
1391
1164
1109
1477
1352
1398
1414
1406
1219
1438
1367
1227
1227
1391
1414
1125
1367
1219
1219
1109
1438
1320
1125
1336
1320
1195
1055
1281
1375
1195
1320
1414
1133
1102
1328
1359
1102
1031
1500
1398
1078
867
1023
1234
898
938
1391
953
1078
1430
1297
1312
1398
1312
1367
1359
1477
1430
1289
1320
1477
1375
1203
1422
1430
1234
1188
1508
1320
1188
1453
1320
1094
1141
1516
1328
1344
1430
1312
1055
1164
1305
1188
1070
1477
1445
1305
1336
1445
1234
1148
1375
1453
1242
1477
1398
1344
1141
1359
1477
1312
1266
1312
1383
1258
1227
1477
1328
1234
1383
1344
1305
1289
1391
1359
1164
1352
1359
1234
1094
1219
1430
1188
1117
1188
1430
1109
1367
1242
1188
1258
1477
1344
1273
1461
1430
1219
1398
1445
1312
1383
1438
1359
1172
1414
1305
1250
1055
1281
1414
1258
1195
1211
1445
1227
1250
1500
1312
1227
1383
1438
1195
1352
1336
1219
1320
1453
1289
1047
1203
1359
1109
1344
1531
1414
1344
1453
1320
1117
1469
1453
1250
1508
1422
1227
1414
1469
1391
1195
1523
1398
1219
1398
1383
1266
1406
1258
1406
1227
1570
1445
1352
1508
1477
1273
1344
1391
1273
1125
1406
1438
1297
1383
1289
1391
1180
1250
1469
1344
1391
1477
1336
1117
1398
1312
1258
1172
1336
1445
1234
1352
1352
1195
1203
1492
1367
1180
1375
1430
1242
1383
1367
1180
1297
1461
1344
1359
1406
1250
1078
1156
1445
1406
1328
1445
1336
1297
1367
1391
1156
1281
1398
1250
1172
1336
1375
1125
1367
1211
1141
1039
1430
1492
1359
1406
1406
1242
1422
1469
1336
1156
1453
1398
1242
1297
1484
1250
1148
1359
1398
1180
1461
1367
1336
1164
1391
1445
1188
1367
1438
1195
1203
1266
1406
1258
1547
1383
1266
1461
1367
1148
1328
1430
1133
1352
1375
1172
1234
1438
1297
1227
1336
1383
1211
1398
1383
1234
1234
1367
1289
1125
1344
1398
1320
1320
1469
1352
1273
1398
1398
1227
1312
1484
1289
1258
1406
1242
1070
1344
1461
1258
1320
1391
1289
1172
1367
1445
1188
1320
1438
1320
1219
1469
1383
1234
1352
1242
1133
1219
1445
1203
1141
1211
1484
1281
1445
1188
1070
992
1539
1586
1461
1469
1320
1234
1539
1367
1492
1453
1188
1453
1352
1234
1398
1453
1281
1367
1328
1430
1156
1039
1062
1148
938
1555
1375
1266
1117
922
1453
1141
953
969
945
828
1039
891
859
797
820
875
805
836
789
781
789
781
812
750
789
750
742
742
727
711
719
688
695
688
664
680
672
664
688
688
672
703
695
695
688
750
773
844
984
1312
1359
1211
1398
1359
1055
1477
1445
1445
1500
1328
1438
1484
1312
1500
1367
1211
1508
1391
1297
1500
1367
1406
1438
1289
1062
1500
1375
1055
1219
1508
1320
1250
1000
938
1562
1406
1469
1438
1414
1445
1344
1320
1445
1266
1070
1508
1391
1203
1469
1352
1242
1422
1414
1195
1117
1359
1180
1453
1266
1047
1328
1266
1328
1133
1406
1308
1211
1320
1422
1180
1070
1406
1367
1109
1375
1367
1141
1117
1211
1203
1172
1352
1352
1039
1359
1258
1094
1078
1312
1344
1172
1180
1297
1055
1352
1383
1156
1438
1344
1125
1133
1352
1328
1078
1039
1367
1234
1141
1492
1414
1109
1281
1219
1328
1133
1500
1336
1203
1391
1367
1141
1039
1375
1367
1133
1039
1438
1125
1008
1523
1320
1133
1289
1391
1242
1039
1305
1305
1008
1281
1367
1211
1141
1086
1367
1211
1102
1305
1070
977
1211
1328
1344
1195
1414
1188
1055
1305
1328
1164
1375
1312
1078
1359
1336
1297
1094
1367
1406
1344
1438
1336
1172
1406
1336
1289
1508
1352
1164
1320
1367
1141
1188
1461
1258
1281
1391
1328
1086
1227
1391
1242
1078
1125
1320
1359
1078
1305
1344
1328
1312
1453
1375
1078
1352
953
1047
1125
1422
1336
1219
1250
1312
1422
1164
1484
1188
1539
1445
1367
1320
984
1211
1313
1414
1523
1148
1375
1102
1016
1406
1086
1477
1062
1023
1414
992
984
1477
1023
922
977
1062
969
1000
1094
1250
984
969
1031
1109
945
961
1000
1117
1102
961
1000
1031
1203
1117
930
1023
1344
1281
1008
1031
1102
1039
992
1422
1352
1148
969
1125
1000
1219
1102
1156
1508
1336
1062
953
969
1438
1148
969
1438
1109
1172
1031
1227
1289
1266
1031
961
1062
1094
992
961
1016
1117
1133
984
1062
1109
1094
1008
1172
1219
1273
1016
1086
1203
1156
1375
1453
1328
1398
1172
1398
1133
1461
1250
1062
1094
1281
1406
1422
1250
1102
961
953
914
953
1055
914
883
883
906
867
859
891
906
875
852
898
945
930
891
883
922
922
938
1039
938
969
1062
977
906
875
836
836
820
883
1203
992
922
891
914
1023
1062
1000
992
977
977
938
938
883
883
867
875
852
852
898
906
922
922
961
992
984
945
969
1008
992
938
953
945
945
922
961
1008
1016
938
961
977
1000
992
914
961
1023
1047
984
938
977
1039
1055
945
945
938
1039
1062
969
1016
1062
1133
1094
1094
1211
1156
1055
1047
1094
1039
969
1000
1188
1102
977
1031
1125
1125
977
938
1016
1102
1125
977
992
1117
1086
984
922
969
1102
1109
1039
945
961
1000
953
938
938
969
1156
1234
1141
1008
1109
1234
1195
1180
1320
1375
1008
1000
1461
1109
1008
1500
1375
1039
953
1539
1141
914
930
1047
1492
1227
1109
1156
1188
969
945
953
1141
1102
961
961
953
1078
1102
930
867
812
750
734
734
742
766
805
789
758
766
773
766
750
742
734
719
727
727
727
703
711
711
703
711
758
836
969
953
930
1227
1250
1109
1367
1438
1352
1305
1359
1148
1547
1438
1109
1508
1312
1102
1562
1359
1430
1422
1039
1086
1500
1375
953
1414
1227
1336
1008
1172
1461
1273
1445
1484
1148
1086
1195
1422
1242
1445
1281
1195
1250
1336
1000
961
1336
1375
1031
984
1414
1289
1039
1203
1445
1336
1227
1305
1062
984
1086
1125
992
977
1383
1273
969
938
1070
1367
1211
1031
1375
1250
984
1000
1391
1109
977
1484
1281
1195
1320
1242
992
1062
1133
1039
914
883
1445
1352
1070
1422
1227
1062
1102
1445
1328
1039
1188
1344
1344
1047
1195
1258
945
836
789
773
1391
1461
1453
1445
1445
1461
1336
1328
1453
1375
1336
1422
1383
1320
1422
1344
1312
1328
1398
1250
1391
1359
1133
1500
1359
1320
1312
1250
1477
1367
1297
1453
1281
1453
1336
1102
1344
1398
1266
1500
1141
1203
1438
1188
1336
1289
1047
1164
1250
1062
1039
1086
1078
961
1148
1328
1062
1008
1164
1172
1133
953
1023
1258
1289
1070
1109
1320
1320
1031
1234
1305
1211
1086
1273
1359
1102
1422
1367
1078
1133
1164
1078
1156
1352
1234
1414
1117
1203
1203
1047
1164
1375
1141
1227
1336
1062
1125
1234
1047
1219
1453
1008
992
1438
1164
898
953
1125
1180
1047
1055
1125
1094
961
906
875
1078
938
1039
1258
1273
938
883
898
1375
969
828
859
922
1578
1500
1422
1445
1297
1172
1430
1391
1391
1133
1539
1508
1398
1414
1461
1352
1484
1484
1383
1477
1430
1258
1398
1398
1422
1203
930
836
1531
1000
1172
1539
1438
1484
1266
1359
1430
1133
1336
1484
1352
1234
1281
1383