1250
1211
1203
1250
1219
1219
1203
1180
1188
1281
1297
1234
1297
1273
1203
1234
1195
1141
1172
1250
1203
1125
1062
1125
1094
1055
1023
961
1008
992
1000
1086
1172
1070
1102
1141
1062
1094
1156
1125
1078
1148
1141
1148
1258
1219
1125
1180
1203
1141
1164
1125
1148
1188
1125
1125
1031
961
906
891
867
898
945
1023
1336
1367
1266
1305
1258
1258
1320
1328
1297
1281
1312
1336
1281
1281
1266
1211
1133
1180
1164
1164
1164
1180
1188
1203
1195
1180
1164
1141
1180
1172
1188
1227
1172
1227
1188
1086
1078
1172
1117
1102
1266
1297
1102
1047
977
961
1125
1344
1234
1336
1320
1227
1266
1297
1234
1320
1297
1227
1266
1258
1203
1227
1312
1273
1109
984
969
1039
1383
1391
1312
1359
1320
1297
1320
1328
1219
1031
969
938
930
945
938
969
969
945
969
1086
1367
1391
1367
1312
1289
1273
1352
1359
1266
1320
1344
1250
1336
1344
1289
1289
1289
1273
1234
1258
1219
1227
1234
1242
1227
1219
1164
1070
1141
1203
1180
1219
1242
1109
1219
1273
1172
1133
1086
938
898
875
898
922
938
922
922
898
883
867
844
844
828
836
852
844
859
938
1023
1125
1172
1406
1406
1266
1352
1375
1336
1320
1336
1312
1234
1305
1312
1258
1328
1336
1266
1305
1305
1234
1320
1273
1250
1305
1258
1242
1266
1266
1242
1297
1242
1266
1250
1195
1211
1273
1266
1219
1250
1195
1172
1234
1258
1250
1258
1258
1227
1250
1227
1172
1164
1203
1156
1227
1188
1102
1133
1148
1094
1117
1172
1148
1133
1164
1188
1133
1172
1164
1148
1172
1180
1133
1195
1156
1125
1133
1148
1109
1133
1156
1188
1203
1156
1164
1180
1102
1172
1164
1148
1188
1195
1172
1180
1148
1156
1156
1125
1102
1156
1172
1148
1172
1172
1172
1195
1156
1250
1211
1125
1164
1234
1219
1172
1156
1117
1094
1141
1117
1195
1203
1156
1211
1141
1164
1172
1125
1141
1133
1102
1078
1055
945
914
945
1172
1109
1305
1250
1266
1328
1188
1242
1281
1211
1328
1312
1219
1266
1297
1250
1320
1258
1172
1203
1227
1164
1219
1242
1172
1242
1281
1227
1266
1211
1164
1203
1250
1250
1234
1305
1258
1203
1227
1195
1125
1164
1164
1109
1055
1008
961
914
953
1156
1203
1227
1156
1266
1406
1336
1422
1359
1305
1344
1320
1289
1344
1289
1242
1258
1258
1242
1273
1266
1195
1242
1242
1219
1203
1031
1000
1266
1258
1383
1320
1273
1383
1320
1289
1289
1273
1336
1328
1242
1258
1266
1289
1297
1320
1273
1266
1281
1242
1242
1297
1320
1289
1250
1289
1273
1273
1312
1242
1102
1180
1266
1164
1328
1156
1297
1336
1219
1258
1289
1234
1312
1305
1273
1320
1289
1312
1250
1172
1070
1055
1164
1164
1195
1438
1188
1258
1211
1359
1438
1234
1242
1234
1250
1188
1195
1281
1250
1227
1234
1195
1117
1164
984
914
922
945
922
1109
1203
1242
1391
1312
1281
1422
1336
1312
1375
1367
1297
1414
1406
1320
1320
1367
1320
1305
1305
1250
1234
1297
1289
1227
1289
1305
1273
1172
1141
1031
1078
1352
1367
1250
1297
1281
1211
1250
1266
1094
992
938
906
898
922
898
891
859
875
875
914
906
930
922
992
1148
1359
1398
1422
1359
1305
1367
1281
1188
1359
1422
1258
1383
1352
1266
1352
1312
1195
1258
1258
1195
1289
1312
1203
1250
1258
1234
1227
1281
1258
1180
1266
1312
1227
1242
1266
1234
1125
1219
1258
1195
1234
1289
1227
1219
1289
1180
1180
1203
1195
1078
1055
1078
1164
1289
1289
1195
1273
1281
1219
1219
1188
1125
1203
1172
1062
1023
1039
1008
984
1445
1422
1469
1438
1375
1430
1398
1312
1320
1359
1328
1375
1359
1289
1328
1312
1242
1273
1250
1180
1164
1250
1219
1219
1180
1188
1227
1234
1234
1250
1336
1281
1312
1320
1281
1297
1305
1234
1242
1219
1211
1258
1195
1156
1219
1219
1289
1297
1266
1289
1227
1227
1195
1133
1125
1102
1148
1164
1195
1281
1258
1234
1281
1258
1281
1297
1219
1172
1156
1180
1172
1180
1258
1219
1188
1203
1188
1141
1219
1195
1172
1258
1234
1234
1258
1180
1148
1133
1125
1242
1211
1234
1211
1242
1305
1266
1305
1320
1250
1281
1281
1203
1180
1195
1172
1203
1211
1219
1273
1195
1180
1203
1141
1086
1102
1086
1086
1062
1070
1102
1125
1180
1164
1156
1117
1164
1172
1164
1211
1211
1180
1281
1250
1203
1211
1180
1188
1234
1203
1203
1203
1148
1203
1195
1148
1242
1219
1188
1219
1211
1141
1188
1133
1078
1047
1109
1125
1125
1250
1203
1188
1250
1188
1203
1180
1250
1219
1156
1203
1211
1172
1203
1203
1156
1164
1156
1141
1234
1227
1219
1227
1148
1195
1180
1164
1219
1164
1086
1133
1172
1102
1156
1141
1109
1188
1164
1094
1109
1172
1133
1148
1227
1211
1156
1164
1047
1055
1195
1242
1180
1250
1227
1117
1188
1156
1141
1188
1203
1180
1195
1133
1156
1172
1195
1242
1188
1219
1211
1125
1172
1234
1180
1242
1250
1180
1195
1211
1172
1188
1234
1188
1211
1297
1258
1305
1266
1203
1180
1125
1133
1164
1141
1195
1219
1148
1219
1211
1156
1125
1148
1102
1102
1141
1078
1070
1125
1094
1180
1164
1117
1164
1141
1109
1156
1141
1141
1188
1164
1172
1219
1188
1180
1203
1180
1117
1148
1109
1102
1055
1023
992
1031
1133
1109
1117
1211
1133
1180
1227
1180
1164
1188
1172
1156
1203
1195
1180
1281
1250
1195
1273
1266
1180
1188
1164
1141
1203
1242
1164
1219
1242
1195
1219
1195
1141
1125
1180
1156
1195
1227
1164
1234
1188
1203
1148
1109
1086
1062
1094
1039
1055
1039
1039
1062
1023
1141
1164
1078
1148
1070
1109
1156
1102
1141
1203
1086
1078
1234
1141
1164
1266
1227
1203
1211
1180
1109
1172
1164
1141
1188
1180
1148
1188
1180
1164
1188
1211
1156
1203
1180
1016
953
1078
1195
1359
1383
1258
1328
1242
1102
977
938
891
891
938
1008
992
961
961
992
984
953
914
906
875
922
875
953
1039
1078
1031
1023
1062
1180
1312
1258
1305
1266
1273
1297
1383
1312
1320
1383
1367
1328
1273
1312
1336
1266
1305
1336
1289
1281
1375
1359
1273
1359
1391
1297
1258
1359
1383
1352
1328
1352
1328
1234
1289
1305
1258
1297
1297
1203
1180
1219
1219
1227
1281
1289
1234
1305
1258
1211
1195
1242
1242
1141
1250
1281
1203
1203
1320
1258
1219
1203
1250
1250
1227
1297
1297
1281
1250
1273
1266
1164
1141
1133
1188
1195
1219
1203
1281
1234
1227
1281
1258
1227
1266
1203
1180
1211
1180
1180
1242
1211
1227
1211
1164
1219
1180
1234
1258
1211
1133
1234
1195
1094
1125
1188
1062
1070
1109
1133
1031
1141
1219
1172
1125
1180
1148
1180
1195
1156
1133
1234
1312
1266
1258
1273
1227
1281
1273
1281
1211
1289
1242
1180
1180
1242
1180
1133
1172
1180
1109
1102
1086
1062
1070
1094
1180
1195
1070
1062
1070
1000
969
922
891
930
1023
1062
969
945
938
883
875
1000
1367
1344
1344
1375
1258
1305
1336
1258
1344
1352
1375
1359
1375
1336
1234
1266
1211
1273
1227
1148
1039
938
906
883
859
883
1000
1039
977
984
961
914
898
969
1117
1391
1234
1320
1312
1266
1273
1305
1320
1273
1320
1320
1266
1328
1281
1242
1320
1297
1258
1312
1305
1273
1258
1305
1336
1297
1297
1328
1312
1305
1352
1281
1141
1250
1273
1180
1328
1320
1266
1219
1250
1227
1133
1047
945
891
844
828
836
875
875
852
906
1414
1367
1273
1328
1320
1266
1211
1258
1242
1250
1156
1219
1273
1148
1180
1234
1227
1180
1203
1227
1117
1164
1188
1242
1125
1203
1211
1227
1281
1219
1203
1227
1242
1156
1211
1234
1141
1180
1156
1164
1039
1023
1031
1195
1273
1305
1359
1281
1227
1266
1250
1211
1242
1250
1188
1117
1125
1195
1148
1250
1297
1273
1234
1258
1227
1180
1227
1219
1164
1234
1211
1211
1211
1211
1219
1195
1234
1219
1305
1289
1188
1219
1242
1102
1234
1297
1250
1227
1273
1188
1164
1211
1219
1078
1125
1219
1180
1195
1250
1250
1148
1195
1273
1250
1234
1242
1281
1281
1227
1227
1250
1242
1227
1242
1281
1273
1148
1250
1250
1250
1320
1305
1266
1195
1219
1125
1000
930
1078
1531
1422
1461
1406
1359
1414
1398
1297
1375
1367
1359
1289
1391
1352
1258
1336
1336
1281
1344
1320
1281
1305
1328
1289
1242
1281
1273
1258
1289
1273
1242
1289
1312
1250
1266
1289
1273
1203
1219
1242
1195
1219
1312
1234
1266
1344
1258
1148
1242
1328
1250
1320
1328
1219
1281
1281
1250
1172
1219
1133
969
883
844
875
969
1008
1000
961
945
914
883
859
844
828
805
797
805
859
961
1000
969
1102
1273
1352
1273
1359
1375
1289
1383
1367
1258
1422
1422
1352
1336
1469
1375
1305
1406
1406
1281
1266
1375
1367
1289
1383
1430
1328
1266
1289
1250
1234
1266
1297
1273
1383
1266
1250
1367
1273
1336
1281
1234
1305
1320
1422
1461
1367
1367
1391
1391
1305
1383
1359
1297
1328
1367
1328
1281
1352
1312
1266
1312
1258
1195
1305
1312
1281
1391
1336
1250
1164
1078
984
938
969
1047
1039
1016
977
1078
1297
1406
1312
1398
1383
1312
1414
1383
1281
1383
1398
1305
1398
1375
1281
1375
1383
1328
1266
1344
1328
1242
1344
1336
1305
1320
1336
1281
1203
1227
1281
1242
1273
1289
1266
1242
1289
1320
1266
1312
1336
1289
1266
1281
1242
1203
1250
1266
1211
1172
1250
1312
1289
1258
1375
1367
1273
1312
1258
1211
1273
1328
1180
1203
1477
1391
1414
1484
1414
1391
1406
1398
1344
1422
1336
1273
1289
1344
1336
1344
1344
1336
1320
1367
1352
1320
1297
1352
1305
1273
1344
1375
1305
1344
1312
1273
1312
1336
1344
1398
1352
1305
1336
1312
1242
1328
1320
1258
1344
1344
1273
1367
1367
1281
1312
1359
1305
1211
1273
1289
1195
1227
1352
1242
1172
1188
1094
1094
1211
1148
1273
1352
1258
1383
1383
1289
1367
1383
1297
1367
1391
1344
1305
1359
1336
1352
1289
1375
1383
1336
1281
1352
1328
1242
1344
1305
1258
1328
1367
1305
1266
1312
1344
1234
1297
1320
1219
1297
1289
1188
1266
1258
1195
1273
1281
1195
1281
1375
1305
1320
1328
1344
1328
1422
1438
1367
1445
1430
1375
1305
1430
1422
1312
1406
1398
1344
1352
1383
1383
1289
1328
1328
1297
1281
1359
1398
1258
1258
1305
1312
1258
1383
1359
1258
1305
1312
1328
1312
1258
1375
1391
1320
1391
1414
1297
1352
1336
1344
1312
1258
1398
1414
1219
1312
1438
1289
1227
1359
1164
1078
1078
1094
992
938
1094
1344
1242
1297
1398
1422
1367
1469
1445
1383
1453
1344
1367
1422
1438
1328
1391
1406
1352
1320
1469
1469
1453
1461
1414
1422
1398
1445
1445
1375
1445
1445
1352
1375
1383
1359
1391
1367
1336
1375
1383
1367
1391
1438
1391
1375
1414
1359
1328
1398
1359
1273
1352
1359
1312
1406
1391
1320
1445
1391
1297
1336
1383
1297
1398
1422
1344
1430
1383
1305
1359
1328
1266
1281
1320
1297
1375
1367
1320
1375
1375
1320
1375
1367
1281
1367
1328
1266
1359
1375
1305
1352
1391
1344
1273
1352
1297
1312
1383
1289
1383
1375
1328
1414
1219
1227
1320
1250
1469
1492
1391
1539
1562
1234
1328
1414
1484
1547
1531
1570
1562
1531
1523
1484
1445
1438
1438
1375
1367
1422
1375
1320
1367
1359
1367
1414
1391
1281
1375
1367
1273
1398
1383
1281
1336
1406
1312
1352
1422
1359
1336
1398
1312
1289
1359
1258
1266
1273
1227
1203
1289
1305
1344
1359
1359
1359
1414
1312
1383
1375
1305
1336
1336
1398
1359
1328
1398
1391
1359
1414
1359
1328
1398
1352
1320
1352
1344
1305
1320
1297
1344
1328
1406
1359
1344
1383
1367
1281
1391
1398
1328
1406
1383
1289
1406
1359
1188
1258
1305
1273
1531
1508
1398
1531
1445
1461
1445
1344
1453
1414
1336
1398
1375
1336
1336
1344
1289
1383
1359
1305
1336
1336
1344
1445
1398
1344
1414
1375
1445
1391
1328
1422
1414
1344
1414
1414
1359
1375
1367
1367
1367
1305
1234
1312
1352
1336
1422
1406
1375
1500
1406
1422
1469
1391
1398
1398
1320
1297
1375
1344
1367
1375
1289
1344
1398
1328
1336
1344
1297
1359
1391
1359
1406
1414
1312
1375
1375
1328
1367
1367
1297
1320
1359
1289
1375
1336
1266
1383
1406
1305
1422
1398
1320
1383
1375
1281
1359
1367
1281
1367
1336
1258
1352
1320
1297
1328
1344
1305
1367
1336
1297
1367
1328
1297
1391
1375
1336
1414
1398
1336
1422
1406
1344
1375
1367
1305
1383
1352
1258
1344
1344
1234
1234
1266
1195
1281
1273
1195
1297
1297
1281
1438
1414
1352
1414
1398
1328
1375
1352
1266
1352
1320
1281
1352
1328
1328
1383
1344
1273
1320
1344
1266
1367
1375
1336
1391
1375
1352
1383
1328
1344
1375
1320
1383
1383
1312
1305
1344
1336
1352
1391
1352
1297
1383
1352
1297
1375
1344
1320
1367
1328
1328
1391
1344
1273
1367
1320
1258
1375
1375
1398
1453
1328
1422
1461
1398
1422
1422
1352
1398
1453
1336
1359
1406
1359
1422
1359
1414
1375
1320
1438
1375
1344
1391
1383
1336
1414
1383
1320
1375
1320
1289
1352
1336
1305
1359
1320
1266
1336
1344
1266
1344
1383
1305
1352
1297
1203
1250
1453
1352
1562
1531
1539
1465
1391
1484
1508
1422
1477
1453
1391
1453
1461
1391
1469
1406
1375
1359
1305
1383
1406
1352
1367
1383
1344
1344
1367
1367
1336
1461
1383
1352
1414
1336
1391
1398
1281
1328
1352
1289
1352
1375
1297
1305
1375
1312
1344
1383
1320
1344
1367
1328
1469
1406
1359
1352
1352
1305
1312
1297
1242
1320
1289
1445
1469
1367
1430
1367
1344
1414
1391
1320
1398
1375
1305
1406
1406
1312
1398
1359
1328
1375
1320
1391
1422
1344
1367
1406
1336
1320
1383
1406
1266
1367
1359
1258
1305
1352
1328
1391
1336
1398
1398
1305
1398
1391
1305
1398
1359
1375
1414
1359
1391
1391
1305
1328
1375
1320
1336
1383
1297
1273
1336
1320
1297
1406
1320
1344
1320
1266
1273
1328
1312
1305
1383
1344
1328
1406
1359
1320
1367
1344
1266
1352
1328
1336
1445
1375
1438
1445
1352
1422
1383
1320
1414
1383
1336
1352
1375
1242
1289
1312
1227
1344
1383
1289
1391
1391
1320
1398
1367
1430
1422
1328
1391
1406
1344
1430
1375
1305
1391
1344
1352
1391
1320
1359
1391
1359
1344
1398
1344
1367
1359
1305
1398
1367
1336
1398
1297
1305
1281
1156
1258
1414
1336
1500
1484
1383
1461
1422
1492
1430
1383
1430
1367
1336
1461
1336
1352
1398
1328
1312
1367
1328
1312
1359
1336
1383
1453
1375
1328
1430
1391
1422
1438
1367
1398
1414
1344
1438
1367
1312
1414
1367
1344
1391
1359
1305
1383
1367
1297
1383
1375
1320
1406
1359
1328
1391
1383
1312
1375
1367
1297
1320
1328
1266
1367
1328
1383
1484
1422
1383
1422
1375
1352
1367
1297
1359
1391
1305
1266
1312
1289
1297
1406
1320
1383
1445
1352
1344
1352
1250
1336
1367
1328
1445
1461
1398
1500
1430
1336
1414
1344
1320
1375
1281
1312
1398
1344
1367
1445
1383
1344
1414
1383
1305
1406
1375
1312
1367
1344
1305
1352
1352
1258
1344
1305
1242
1312
1297
1211
1273
1242
1188
1219
1312
1242
1344
1359
1312
1359
1352
1258
1344
1375
1289
1359
1375
1320
1352
1391
1344
1383
1422
1328
1406
1438
1359
1445
1406
1320
1422
1383
1312
1383
1352
1312
1359
1352
1266
1328
1297
1227
1305
1336
1242
1312
1305
1242
1305
1250
1391
1500
1438
1391
1555
1453
1453
1430
1352
1422
1375
1312
1383
1375
1320
1391
1352
1336
1391
1320
1281
1391
1344
1297
1352
1320
1258
1398
1359
1312
1367
1328
1414
1406
1344
1414
1430
1359
1398
1422
1312
1383
1383
1320
1422
1414
1344
1414
1391
1328
1383
1289
1336
1391
1297
1344
1344
1289
1281
1312
1258
1359
1383
1320
1391
1375
1297
1375
1359
1281
1352
1383
1336
1414
1297
1367
1422
1336
1406
1383
1320
1422
1383
1273
1344
1383
1297
1375
1375
1273
1359
1336
1250
1336
1312
1250
1328
1367
1336
1406
1367
1406
1414
1328
1359
1359
1305
1344
1336
1266
1359
1383
1258
1359
1391
1281
1359
1391
1297
1375
1352
1281
1352
1359
1367
1344
1273
1344
1344
1242
1328
1398
1312
1359
1406
1320
1391
1336
1336
1398
1344
1328
1359
1289
1359
1359
1266
1305
1297
1234
1242
1422
1359
1281
1375
1367
1266
1352
1359
1289
1375
1383
1281
1391
1367
1305
1367
1375
1320
1406
1445
1328
1406
1430
1312
1367
1359
1289
1398
1375
1328
1414
1367
1297
1391
1367
1258
1359
1344
1305
1359
1344
1273
1391
1375
1344
1398
1344
1398
1406
1336
1359
1477
1375
1367
1398
1367
1305
1383
1336
1312
1398
1367
1289
1344
1367
1320
1406
1359
1312
1383
1367
1344
1398
1344
1312
1406
1344
1242
1336
1258
1273
1344
1289
1375
1367
1305
1391
1383
1336
1406
1336
1305
1367
1391
1367
1375
1297
1289
1375
1297
1367
1383
1305
1414
1422
1375
1422
1344
1352
1398
1344
1305
1383
1383
1297
1344
1383
1250
1367
1398
1328
1414
1414
1328
1383
1391
1297
1367
1344
1352
1375
1359
1289
1383
1312
1266
1250
1141
1164
1367
1352
1391
1523
1492
1469
1477
1398
1484
1406
1367
1453
1398
1320
1414
1383
1352
1477
1406
1359
1422
1367
1297
1359
1383
1289
1375
1305
1352
1383
1289
1344
1375
1273
1391
1414
1383
1430
1391
1414
1383
1359
1422
1375
1328
1422
1406
1305
1398
1391
1312
1359
1359
1312
1375
1305
1344
1383
1359
1344
1359
1320
1352
1383
1297
1438
1453
1320
1414
1391
1336
1375
1305
1328
1383
1312
1312
1414
1344
1352
1391
1312
1391
1398
1312
1422
1391
1297
1422
1367
1289
1320
1367
1297
1398
1430
1352
1438
1367
1359
1414
1406
1391
1422
1359
1352
1438
1352
1391
1406
1391
1367
1414
1367
1414
1414
1352
1398
1398
1297
1352
1336
1305
1336
1320
1367
1398
1336
1383
1383
1328
1398
1445
1383
1430
1375
1359
1422
1336
1367
1398
1281
1352
1391
1297
1422
1391
1422
1453
1367
1375
1422
1375
1336
1375
1352
1297
1367
1297
1312
1352
1289
1281
1375
1375
1359
1398
1375
1414
1328
1234
1336
1250
1344
1375
1266
1367
1406
1344
1297
1328
1312
1336
1336
1320
1383
1461
1398
1469
1406
1383
1422
1367
1375
1406
1312
1383
1383
1297
1344
1328
1273
1352
1320
1312
1266
1273
1266
1352
1359
1273
1312
1297
1258
1367
1359
1250
1328
1320
1273
1398
1414
1328
1391
1359
1281
1383
1383
1297
1375
1352
1406
1422
1336
1430
1406
1367
1383
1305
1320
1375
1297
1383
1367
1281
1344
1352
1273
1367
1352
1359
1383
1289
1344
1344
1281
1383
1367
1289
1336
1281
1242
1312
1289
1328
1375
1312
1375
1406
1305
1430
1414
1367
1430
1406
1328
1398
1367
1266
1344
1344
1320
1477
1453
1398
1461
1383
1375
1430
1320
1406
1398
1297
1391
1367
1352
1375
1375
1281
1375
1352
1289
1422
1398
1305
1375
1375
1289
1383
1398
1406
1406
1344
1430
1438
1336
1414
1359
1336
1438
1398
1352
1414
1344
1211
1148
1109
1109
1219
1117
1312
1312
1281
1344
1469
1383
1422
1375
1461
1391
1359
1438
1398
1406
1445
1328
1352
1445
1375
1398
1438
1359
1328
1414
1367
1328
1383
1367
1320
1414
1367
1344
1383
1305
1344
1375
1320
1414
1391
1297
1398
1336
1320
1430
1328
1391
1406
1375
1430
1344
1406
1328
1234
1367
1367
1398
1477
1453
1398
1414
1445
1406
1477
1414
1398
1461
1391
1367
1375
1320
1305
1383
1312
1375
1383
1289
1344
1375
1250
1359
1375
1336
1383
1305
1383
1383
1312
1398
1391
1359
1422
1344
1375
1367
1328
1359
1367
1305
1352
1359
1375
1406
1328
1398
1398
1328
1398
1352
1328
1398
1305
1359
1344
1320
1414
1383
1352
1398
1320
1430
1359
1336
1391
1305
1391
1391
1328
1352
1336
1312
1391
1352
1273
1328
1312
1328
1359
1312
1359
1328
1305
1352
1359
1336
1383
1367
1344
1375
1320
1391
1320
1336
1367
1320
1406
1398
1258
1305
1242
1164
1180
1188
1297
1289
1281
1359
1352
1312
1383
1312
1359
1352
1297
1352
1367
1312
1359
1297
1328
1391
1359
1422
1367
1453
1398
1359
1375
1344
1320
1266
1273
1344
1289
1375
1391
1352
1422
1383
1352
1383
1352
1391
1414
1336
1391
1383
1297
1375
1359
1305
1391
1383
1281
1336
1312
1336
1383
1344
1367
1406
1352
1430
1422
1328
1398
1391
1312
1383
1375
1328
1445
1359
1312
1461
1359
1375
1422
1297
1367
1422
1352
1461
1414
1398
1312
1352
1391
1383
1461
1383
1391
1398
1320
1391
1391
1367
1422
1344
1383
1398
1328
1375
1352
1336
1414
1320
1375
1367
1289
1359
1312
1328
1359
1344
1383
1391
1297
1391
1367
1336
1367
1344
1344
1352
1336
1430
1328
1289
1250
1234
1328
1445
1430
1461
1453
1422
1492
1461
1359
1430
1398
1344
1422
1344
1352
1367
1312
1398
1398
1336
1398
1359
1320
1391
1297
1375
1359
1305
1391
1430
1359
1477
1391
1391
1414
1320
1398
1359
1273
1383
1398
1320
1375
1336
1312
1336
1273
1359
1375
1320
1344
1352
1383
1344
1438
1398
1391
1422
1406
1430
1461
1328
1391
1445
1320
1414
1383
1344
1406
1328
1289
1352
1328
1312
1438
1383
1445
1430
1367
1461
1422
1328
1414
1367
1273
1391
1383
1312
1406
1375
1305
1352
1375
1281
1352
1328
1281
1320
1336
1258
1297
1312
1258
1336
1336
1297
1422
1453
1359
1438
1461
1359
1391
1375
1273
1344
1383
1305
1344
1414
1375
1375
1391
1367
1375
1383
1383
1391
1328
1406
1406
1344
1367
1383
1289
1344
1328
1320
1352
1273
1273
1305
1219
1250
1273
1219
1281
1218
1328
1406
1352
1344
1406
1328
1344
1391
1367
1406
1336
1320
1391
1352
1352
1359
1312
1383
1328
1289
1398
1375
1367
1398
1344
1352
1375
1281
1359
1328
1273
1336
1305
1289
1328
1312
1422
1391
1352
1422
1398
1336
1398
1375
1312
1398
1352
1266
1367
1312
1234
1328
1352
1250
1328
1391
1367
1359
1344
1430
1422
1375
1438
1383
1312
1391
1328
1344
1391
1336
1352
1398
1297
1398
1391
1273
1328
1367
1344
1375
1305
1375
1398
1258
1328
1344
1305
1383
1391
1312
1414
1344
1281
1359
1383
1320
1438
1430
1359
1430
1359
1281
1359
1320
1258
1336
1320
1305
1367
1344
1289
1383
1344
1312
1336
1336
1344
1336
1305
1281
1352
1359
1328
1406
1391
1344
1422
1352
1250
1297
1320
1266
1320
1289
1328
1367
1281
1367
1352
1273
1344
1336
1281
1344
1359
1297
1383
1344
1398
1352
1281
1367
1367
1320
1383
1344
1312
1375
1312
1328
1391
1305
1367
1375
1312
1391
1359
1344
1359
1328
1258
1344
1328
1258
1391
1352
1336
1367
1391
1312
1391
1375
1352
1383
1352
1266
1367
1305
1320
1359
1273
1359
1367
1289
1391
1391
1297
1344
1359
1289
1344
1336
1344
1398
1305
1375
1406
1320
1367
1398
1344
1391
1367
1312
1383
1297
1344
1352
1289
1258
1336
1289
1289
1391
1344
1359
1398
1305
1352
1367
1258
1383
1352
1234
1336
1367
1297
1367
1391
1289
1359
1383
1328
1445
1344
1445
1391
1289
1383
1359
1312
1336
1336
1242
1297
1195
1234
1227
1188
1266
1289
1281
1359
1336
1266
1375
1336
1305
1398
1312
1383
1391
1250
1336
1336
1250
1336
1336
1289
1383
1352
1273
1406
1391
1352
1430
1391
1297
1398
1406
1383
1445
1391
1352
1445
1328
1414
1398
1273
1336
1391
1328
1367
1375
1336
1406
1359
1297
1375
1344
1266
1352
1328
1234
1320
1336
1227
1336
1336
1227
1328
1336
1250
1336
1359
1352
1492
1398
1398
1492
1352
1398
1391
1266
1383
1414
1344
1398
1352
1328
1422
1398
1297
1367
1375
1266
1383
1344
1266
1320
1352
1281
1383
1344
1305
1383
1344
1305
1352
1352
1297
1445
1391
1391
1375
1312
1281
1383
1359
1344
1445
1328
1383
1414
1281
1406
1398
1312
1406
1383
1297
1375
1383
1297
1391
1383
1258
1359
1375
1258
1320
1367
1344
1328
1430
1383
1336
1398
1367
1312
1406
1383
1312
1391
1367
1375
1430
1328
1367
1398
1320
1320
1328
1281
1266
1328
1297
1305
1375
1281
1367
1383
1359
1375
1406
1312
1383
1383
1258
1352
1375
1305
1398
1398
1281
1383
1359
1289
1367
1367
1320
1383
1406
1344
1414
1430
1297
1398
1406
1273
1391
1391
1242
1133
1039
977
930
914
887
848
820
801
805
789
797
789
797