1227
1156
1266
1320
1227
1305
1297
1219
1266
1219
1148
1180
1227
1117
1109
1125
1078
1156
1148
1188
1211
1282
1352
1266
1344
1273
1203
1281
1258
1195
1195
1273
1172
1195
1133
1156
1148
1234
1266
1203
1195
1164
1148
1156
1344
1359
1312
1391
1383
1312
1320
1258
1211
1219
1250
1250
1219
1242
1203
1250
1258
1219
1328
1344
1289
1383
1367
1250
1180
1180
1156
1148
1180
1312
1266
1266
1305
1258
1133
1164
1133
1055
1094
1203
1227
1195
1234
1305
1203
1258
1234
1219
1297
1289
1320
1180
1211
1328
1297
1320
1289
1234
1234
1375
1328
1211
1211
1250
1156
1242
1250
1219
1219
1305
1273
1172
1195
1188
1172
1211
1242
1164
1227
1258
1164
1180
1266
1234
1250
1289
1211
1125
1148
1188
1156
1289
1242
1250
1328
1273
1156
1188
1133
1086
1141
1172
1141
1141
1211
1164
1188
1133
1125
1156
1211
1281
1211
1367
1297
1227
1258
1219
1219
1297
1266
1203
1227
1227
1125
1211
1383
1320
1344
1297
1203
1266
1289
1312
1320
1375
1234
1156
1211
1219
1164
1156
1102
1133
1102
1102
1164
1055
1000
1062
1117
1172
1164
1336
1344
1344
1364
1383
1312
1273
1312
1297
1320
1336
1320
1336
1273
1227
1164
1211
1250
1188
1250
1203
1141
1234
1242
1188
1258
1266
1148
1180
1211
1133
1078
1133
1203
1156
1258
1242
1086
1156
1188
1148
1195
1195
1117
1156
1219
1289
1219
1328
1305
1273
1258
1180
1094
1109
1172
1188
1289
1391
1289
1367
1320
1219
1258
1242
1195
1203
1180
1109
1250
1281
1234
1320
1305
1195
1219
1234
1219
1266
1328
1227
1258
1219
1141
1148
1203
1188
1188
1227
1211
1180
1188
1117
1094
1141
1188
1094
1156
1148
1102
1141
1234
1172
1172
1258
1172
1148
1148
1164
1117
1062
1188
1258
1250
1289
1266
1195
1250
1234
1203
1234
1227
1148
1219
1289
1156
1211
1227
1242
1242
1273
1211
1180
1242
1203
1219
1227
1242
1172
1266
1305
1219
1297
1344
1164
1250
1273
1180
1266
1281
1250
1289
1258
1203
1234
1250
1195
1258
1289
1211
1172
1219
1156
1180
1242
1203
1109
1203
1234
1242
1234
1273
1164
1188
1156
1188
1336
1305
1328
1289
1297
1242
1344
1266
1250
1312
1258
1219
1234
1266
1203
1234
1242
1188
1234
1258
1203
1172
1227
1195
1109
1156
1078
1031
1070
1211
1227
1312
1320
1164
1289
1234
1180
1211
1188
1133
1172
1172
1109
1156
1234
1219
1266
1289
1258
1188
1172
1125
1086
1125
1242
1328
1328
1391
1289
1336
1297
1211
1242
1258
1211
1195
1227
1148
1219
1305
1266
1234
1273
1250
1195
1320
1328
1242
1188
1156
1156
1320
1312
1328
1328
1188
1297
1312
1258
1367
1297
1242
1227
1219
1164
1195
1211
1188
1195
1195
1125
1141
1242
1164
1336
1289
1258
1258
1203
1148
1180
1219
1273
1336
1305
1297
1367
1289
1203
1289
1289
1141
1188
1211
1148
1188
1281
1219
1320
1297
1148
1180
1203
1148
1258
1297
1188
1227
1188
1086
1195
1328
1305
1344
1297
1117
1219
1188
1180
1312
1367
1258
1367
1336
1219
1266
1242
1148
1188
1125
1094
1062
1117
1367
1336
1398
1328
1297
1344
1250
1234
1352
1250
1273
1344
1227
1211
1281
1320
1211
1188
1156
1164
1273
1148
1023
1016
1039
914
992
1172
1262
1307
1352
1352
1359
1328
1320
1383
1242
1219
1117
1164
1117
1250
1312
1266
1297
1281
1219
1312
1320
1227
1250
1180
1109
1211
1172
1195
1203
1273
1250
1172
1250
1180
1141
1297
1305
1258
1328
1273
1273
1219
1109
1117
1242
1242
1203
1273
1305
1273
1273
1242
1172
1219
1156
1133
1234
1281
1219
1188
1219
1148
1195
1219
1266
1227
1336
1281
1266
1312
1281
1234
1266
1148
1188
1133
1133
1164
1344
1203
1188
1203
1148
1117
1297
1383
1281
1320
1258
1250
1328
1188
1180
1250
1266
1344
1367
1258
1258
1305
1250
1156
1219
1266
1156
1195
1125
1070
1109
1148
1133
1086
1148
1227
1195
1242
1203
1219
1164
1281
1219
1273
1266
1219
1156
1195
1234
1172
1219
1227
1117
1172
1125
1023
1117
1273
1242
1312
1312
1094
1031
953
922
922
898
859
852
977
1289
1195
1070
1109
1000
969
984
938
922
898
898
891
898
867
859
852
828
797
797
789
789
758
773
766
758
773
758
758
758
758
758
750
766
758
734
758
758
750
773
781
781
773
781
789
789
797
789
797
781
812
781
797
812
867
891
930
945
945
914
906
914
914
898
914
938
922
914
906
859
836
836
797
805
789
766
742
758
773
766
789
820
859
883
875
875
867
836
836
828
797
789
781
766
758
750
750
727
719
711
680
711
688
672
672
656
664
664
680
672
680
688
680
688
688
695
719
734
758
758
758
750
742
750
703
688
695
703
688
672
688
727
781
931
1082
1164
1141
1273
1172
1109
1133
1156
1180
1148
1016
1055
1109
1188
1203
1320
1367
1336
1227
1148
1164
1250
1203
1258
1195
1242
1219
1164
1289
1320
1320
1195
1266
1258
1227
1117
1094
1164
1133
1227
1141
1180
1352
1336
1320
1203
1266
1250
1164
969
1055
1102
1281
1242
1297
1305
1297
1148
1141
1055
1078
1227
1156
1297
1336
1375
1266
1398
1391
1367
1195
1266
1297
1305
1250
1305
1359
1312
1234
1320
1383
1312
1188
1219
1156
1148
1094
1117
1266
1383
1391
1305
1398
1281
1133
1172
1227
1273
1180
1195
1289
1250
1195
1289
1258
1227
1109
1164
1195
1289
1234
1125
1211
1266
1219
1164
1250
1273
1203
1148
1203
1227
1164
1086
1188
1320
1320
1219
1312
1344
1289
1188
1266
1320
1289
1203
1250
1273
1211
1148
1258
1289
1195
1109
1172
1227
1219
1148
1195
1172
1180
1117
1117
1203
1281
1188
1164
1219
1266
1148
1203
1273
1266
1211
1336
1367
1297
1180
1219
1250
1305
1195
1227
1250
1273
1180
1250
1289
1266
1164
1195
1273
1250
1148
1164
1203
1250
1180
1133
1258
1305
1281
1156
1250
1273
1203
1109
1180
1273
1273
1219
1234
1258
1195
1070
1047
1016
1086
1141
1383
1371
1359
1273
1273
1227
1117
1148
1211
1203
1125
1188
1188
1211
1141
1242
1227
1203
1102
1219
1203
1156
1117
1227
1281
1258
1203
1312
1312
1250
1133
1211
1234
1211
1164
1273
1352
1266
1188
1242
1281
1109
984
938
969
945
953
1102
1234
1234
1211
1391
1352
1109
1148
1180
1227
1070
1125
1102
1086
992
1055
1078
1062
1023
1062
1086
1047
1000
969
883
859
836
805
820
820
875
992
922
969
945
938
898
938
945
977
922
922
891
867
859
859
828
828
797
828
844
883
898
906
891
852
828
836
820
797
781
773
781
781
797
789
773
797
797
789
789
773
758
742
758
742
734
742
734
727
750
766
781
805
836
969
1102
1164
1156
1086
1125
1203
1195
1133
1000
1055
1195
1352
1227
1242
1250
1273
1258
1141
1227
1250
1273
1180
1273
1289
1289
1227
1156
1219
1211
1141
1227
1281
1227
1133
1242
1305
1234
1141
1180
1102
1086
1070
953
945
945
891
875
875
875
859
867
898
898
914
891
922
1116
1309
1330
1341
1346
1349
1352
1289
1312
1336
1281
1078
1016
1016
977
891
867
836
828
805
812
828
867
945
906
930
977
977
1000
1008
1055
1141
1367
1367
1359
1328
1297
1328
1328
1242
1258
1250
1297
1156
1000
930
875
844
828
844
883
977
969
930
930
914
898
859
859
875
883
898
891
867
891
930
969
969
969
945
938
930
906
867
867
836
859
828
836
836
828
828
820
820
805
805
812
805
805
781
797
789
797
758
789
766
742
758
719
734
742
742
734
703
734
773
781
891
930
1008
922
1008
1031
1023
977
984
1125
1195
1180
1094
1023
1086
1125
1164
1109
1078
1156
1133
1148
1094
977
1078
1156
1281
1133
1117
1195
1281
1250
1102
1141
1203
1281
1250
1117
1203
1203
1125
1055
1156
1195
1219
1047
1086
1164
1203
1188
1055
1195
1258
1234
1141
1141
1188
1203
1070
1211
1211
1227
1164
1109
1180
1148
1078
1133
1195
1195
1086
1195
1234
1188
1055
1133
1195
1219
1078
1172
1234
1289
1203
1188
1227
1203
1102
1133
1180
1234
1133
1148
1219
1266
1195
1125
1188
1156
1086
1008
1070
1125
1148
1055
1070
1156
1172
1141
1039
1109
1156
1195
1133
1281
1289
1219
1141
1250
1227
1195
1070
1195
1227
1219
1109
1195
1258
1266
1172
1102
1180
1195
1148
1086
1148
1188
1180
1039
1125
1148
1172
1047
1086
1117
1164
1078
992
1094
1148
1133
1039
1125
1188
1180
1078
1117
1109
1109
1031
1109
1195
1227
1109
1102
1133
1203
1156
1117
1156
1211
1164
1117
1219
1211
1125
1078
1219
1305
1273
1195
1234
1219
1117
1109
1109
1141
1031
1086
1117
1094
1055
1062
1094
1086
1016
1047
1102
1172
1070
1117
1180
1141
1117
1195
1234
1227
1070
1117
1102
1141
1023
1062
1109
1133
1039
1102
1141
1148
1109
1141
1125
1180
1156
1133
1180
1219
1195
1070
1133
1180
1195
1062
1102
1133
1148
1070
1094
1109
1109
1062
1117
1195
1180
1086
1156
1195
1188
1047
1125
1125
1094
1078
1141
1180
1133
1023
1109
1164
1133
1062
1125
1156
1156
1055
1102
1102
1117
1031
1125
1156
1180
1117
1188
992
898
828
812
797
766
781
836
844
859
867
938
898
828
797
867
891
906
914
883
883
945
1047
1086
1172
1203
1203
1148
1141
1102
1133
1172
1156
1055
1094
1102
1109
977
977
914
883
898
867
1008
1125
1289
1164
1156
1195
1180
1141
1039
1062
1094
1117
1125
1055
1070
1039
1055
1016
1016
1039
1086
1109
1031
1062
1078
1086
1094
1000
1016
1023
1047
1023
953
969
1016
1070
1109
1016
1086
1125
1133
1016
1062
1062
1117
1078
1125
1156
1164
1078
1094
1125
1094
1047
1133
1148
1125
1047
1109
1148
1133
1070
1133
1164
1125
1031
1062
1008
938
867
828
828
781
797
789
797
797
797
789
852
977
1039
984
1117
1227
1180
1055
1141
1133
1133
1094
1016
1117
1086
1062
977
1016
1078
1141
1086
1148
1172
1195
1164
1070
1117
1156
1125
1039
1047
1062
1133
1156
1062
1109
1117
1148
1062
1094
1117
1133
1039
1078
1125
1141
1062
1078
1109
1070
1031
1023
1047
1070
1031
1109
1125
1141
1039
1094
1117
1172
1125
1164
1172
1203
1094
1141
1188
1195
1125
1172
1172
1164
1078
1133
1172
1211
1117
1133
1133
1148
1070
1070
1117
1133
1055
1094
1148
1125
1086
1125
1109
1031
1031
1039
1047
1000
1008
1109
1180
1125
1086
1188
1156
1094
1109
1141
1117
1031
1070
1102
1094
1039
1070
1117
1133
1055
1102
1094
1094
1031
1078
1094
1117
1016
1047
1047
1102
1055
1125
1164
1180
1062
1086
1109
1078
1000
1062
1086
1070
1031
1086
1125
1047
1086
1086
1062
1023
1062
1109
1148
1062
1031
1086
1125
1156
1078
1141
1164
1195
1094
1148
1172
1180
1047
1117
1125
1148
1070
1164
1148
1125
1047
1078
1109
1055
1086
1148
1156
1078
1133
1125
1133
1031
1055
1062
1047
1023
1109
1141
1141
1039
1094
1125
1102
1023
1109
1148
1164
1062
1078
1102
1141
1070
1125
1102
1070
1000
1047
1039
1055
1031
1156
1266
1242
1227
1242
1227
1078
1133
1109
1109
1023
1102
1148
1125
1039
1078
1094
1055
992
1055
1039
1000
992
1062
1086
1141
1055
1141
1164
1109
1070
1086
1102
1062
1109
1117
1078
1047
1102
1133
1125
1062
1141
1195
1180
1078
1180
1156
1125
1172
1219
1164
1078
1133
1164
1148
1047
1109
1117
1102
1031
1094
1125
1141
1047
1133
1164
1133
1070
1102
1102
1062
1070
1094
1117
1062
1055
1133
1109
1039
1070
1109
1102
1016
1086
1117
1141
1055
1086
1125
1117
1039
1125
1188
1133
1062
1102
1117
1109
1047
1141
1156
1148
1070
1125
1164
1156
1062
1086
1141
1102
1016
1086
1102
1086
1055
1141
1164
1102
1031
1086
1117
1117
1008
1102
1148
1109
1055
1109
1109
1109
1039
1109
1164
1133
1055
1117
1141
1133
1039
1109
1117
1094
1023
1078
1078
1016
1070
1086
1055
1016
1094
1086
1047
1086
1102
1125
1055
1117
1102
1070
1039
1102
1125
1086
1102
1164
1141
1047
1109
1117
1094
1031
1109
1148
1125
1070
1125
1117
1102
1039
1094
1094
1086
1016
1070
1117
1078
1023
1078
1062
1016
1023
1055
1055
1016
1062
1117
1156
1156
1234
1266
1156
1188
1172
1180
1109
1133
1188
1125
1070
1125
1125
1078
1102
1117
1133
1078
1133
1125
1125
1047
1086
1102
1070
1031
1086
1094
1102
1023
1094
1086
1070
1016
1070
1102
1086
1008
1094
1062
1016
1070
1078
1070
1016
1086
1125
1086
1062
1133
1141
1094
1102
1125
1062
1086
1133
1117
1039
1086
1156
1117
1039
1133
1156
1102
1039
1094
1117
1062
1070
1125
1133
1039
1109
1148
1156
1055
1094
1094
1102
1039
1086
1117
1102
1023
1047
1070
1062
992
1055
1117
1164
1062
1148
1164
1141
1031
1117
1102
1070
1086
1156
1141
1062
1148
1164
1164
1078
1141
1156
1141
1062
1117
1148
1156
1055
1180
1203
1172
1109
1156
1195
1164
1086
1125
1141
1109
1055
1062
1078
1070
1016
1078
1117
1109
1078
1125
1102
1055
1078
1086
1055
984
1055
1102
1094
1117
1211
1211
1141
1109
1125
1156
1109
1164
1211
1172
1117
1203
1188
1102
1055
1062
1023
1094
1195
1195
1141
1211
1203
1148
1094
1148
1164
1141
1039
1086
1148
1133
1070
1094
1148
1164
1086
1148
1125
1094
1039
1094
1086
1094
1008
1031
1094
1125
1039
1109
1180
1133
1039
1086
1117
1078
1023
1078
1102
1086
1023
1094
1133
1109
1039
1109
1148
1109
1047
1086
1102
1039
1031
1078
1094
1078
1031
1047
1094
1062
1148
1289
1242
1156
1203
1219
1086
1078
1117
1133
1102
1266
1312
1188
1289
1234
1172
1102
1156
1180
1094
1094
1133
1156
1094
1109
1148
1141
1062
1086
1109
1109
1039
1133
1195
1133
1102
1133
1148
1062
1055
1078
1109
1055
1133
1219
1180
1148
1219
1203
1102
1164
1156
1102
1062
1109
1117
1125
1055
1070
1094
1086
1039
1062
1094
1102
1031
1055
1102
1031
1008
1086
1180
1125
1141
1211
1141
1086
1148
1164
1125
1180
1211
1227
1109
1156
1188
1164
1094
1188
1203
1180
1078
1133
1164
1109
1016
1031
1055
1055
1016
1102
1164
1180
1102
1188
1125
1086
1133
1109
1023
1078
1148
1195
1117
1164
1188
1188
1094
1180
1078
1094
1000
1094
1180
1211
1109
1188
1172
1039
1102
1125
1070
1188
1227
1148
1156
1180
1156
1062
1094
1109
1141
1086
1125
1133
1141
1086
1125
1141
1125
1086
1117
1141
1109
1055
1148
1203
1148
1094
1148
1164
1062
1047
1062
1055
1031
1133
1203
1102
1172
1203
1211
1094
1156
1156
1117
1039
1094
1125
1148
1062
1125
1164
1164
1062
1125
1109
1102
1008
1055
1055
1039
984
1031
1109
1109
1062
1102
1125
1148
1055
1102
1094
1062
1023
1086
1102
1141
1047
1102
1141
1156
1070
1156
1125
1078
1094
1133
1180
1164
1062
1109
1148
1070
1047
1086
1094
1125
1109
1141
1141
1070
1094
1156
1148
1023
1031
1047
1047
1102
1137
1155
1172
1227
1203
1086
1094
1164
1234
1156
1258
1258
1164
1180
1156
1078
1047
1078
1109
1055
1102
1125
1148
1109
1133
1156
1172
1102
1078
1125
1148
1070
1117
1125
1070
1016
1086
1203
1156
1094
1188
1203
1180
1086
1141
1156
1125
1062
1109
1156
1117
1172
1211
1180
1117
1141
1148
1047
1070
1125
1195
1133
1250
1234
1156
1086
1109
1109
1078
1195
1219
1148
1203
1227
1180
1086
1164
1156
1133
1070
1148
1164
1062
1094
1141
1164
1094
1102
1125
1086
1000
1055
1055
1055
1188
1227
1172
1164
1164
1164
1070
1109
1133
1039
1070
1148
1148
1062
1125
1164
1117
1055
1094
1141
1148
1062
1125
1156
1148
1070
1133
1164
1062
1094
1141
1156
1070
1125
1156
1156
1070
1117
1148
1141
1062
1109
1141
1141
1086
1141
1172
1172
1078
1141
1164
1133
1039
1109
1180
1195
1102
1133
1109
1109
1047
1102
1141
1102
1039
1070
1141
1156
1078
1117
1141
1141
1086
1172
1148
1094
1055
1148
1188
1117
1023
1031
1086
1102
1031
1156
1242
1219
1180
1258
1219
1102
1156
1188
1164
1078
1141
1180
1172
1141
1211
1195
1125
1164
1195
1172
1094
1195
1219
1203
1102
1141
1188
1141
1102
1180
1203
1109
1109
1109
1117
1031
1023
1062
1102
1055
1086
1086
1094
1039
1141
1180
1156
1117
1188
1156
1094
1133
1148
1133
1047
1125
1141
1172
1086
1156
1172
1148
1055
1086
1125
1055
1078
1117
1109
1047
1102
1148
1180
1133
1172
1203
1125
1055
1078
1102
1125
1062
1109
1156
1203
1141
1219
1234
1180
1125
1164
1180
1188
1070
1094
1133
1141
1117
1211
1180
1109
1156
1219
1148
1047
1094
1102
1094
1031
1094
1156
1148
1125
1164
1211
1148
1039
1078
1062
1039
961
1016
1062
1070
1070
1117
1156
1117
1047
1078
1125
1070
1047
1062
1039
1031
1070
1125
1164
1086
1195
1211
1148
1172
1180
1125
1086
1117
1086
1023
953
1023
1078
1031
1039
1164
1203
1203
1078
1133
1156
1078
1125
1172
1164
1086
1125
1125
1086
1078
1094
1070
1031
1086
1102
1031
1000
1062
1102
1141
1078
1195
1242
1188
1125
1180
1172
1117
1148
1141
1117
1039
1086
1125
1094
1016
1148
1117
1125
1047
1141
1180
1109
953
969
906
938
984
953
1086
1164
1250
1172
1203
1211
1180
1172
1273
1266
1234
1148
1172
1133
1078
1039
1008
992
914
930
930
977
1000
1219
1281
1234
1172
1211
1078
1047
961
945
938
898
844
852
836
781
812
805
836
922
914
914
922
891
859
852
805
820
805
773
750
773
750
750
734
758
758
781
789
797
852
867
898
844
867
852
836
812
828
812
812
805
828
844
930
992
1008
969
1000
1055
1023
953
992
1016
1031
969
875
898
859
844
828
844
828
852
875
867
812
828
820
789
766
773
750
750
766
781
773
836
898
1008
1039
953
1023
1086
1102
1133
984
1070
1141
1141
1039
1031
1102
1148
1164
1008
1023
1000
1047
1086
1125
1148
1125
1055
961
984
1031
1133
1031
1094
1156
1156
1055
1109
1133
1117
1031
1055
1102
1086
1070
1008
1070
1102
1102
1016
1086
1125
1141
1055
1070
1141
1148
1156
1055
1125
1133
1086
1008
1062
1094
1133
1062
1094
1078
1062
1102
1062
1078
1078
1125
1031
1086
1117
1117
1062
1086
1102
1102
1039
1023
1055
1078
1047
1086
1195
1086
969
945
984
1094
1172
1125
1207
1289
1211
1258
1195
1141
1078
1133
1133
1148
1031
1070
1055
1078
1055
1102
1141
1164
1102
1125
1148
1102
1055
1094
1117
1125
1047
1133
1180
1109
1008
1070
1141
1172
1086
1180
1180
1125
1109
1133
1102
1016
1031
1078
1070
1078
1016
1125
1141
1102
1023
1062
1109
1156
1062
1109
1125
1164
1062
1148
1133
1117
1031
1070
1086
1125
1039
1078
1102
1094
1023
1078
1094
1094
1031
1086
1125
1148
1039
1062
1086
1070
1016
1039
1070
1070
1008
1039
1102
1133
1062
1102
1070
1070
1016
1000
1117
1179
1242
1250
1297
1297
1117
1156
1164
1125
1062
1141
1172
1148
1070
1133
1133
1117
1078
1047
1109
1078
1133
1266
1242
1133
1211
1164
1055
1070
1125
1141
1023
1078
1102
1102
1016
1094
1086
1117
1047
1141
1133
1141
1062
1117
1133
1141
1039
1078
1086
1133
1055
1102
1133
1125
1039
1070
1102
1141
1062
1070
1094
1102
1055
1109
1188
1148
1055
1016
1000
1000
961
1062
1109
1133
1094
1141
1141
1102
1023
1078
1109
1086
1023
1031
1055
1078
1023
1078
1141
1125
1023
1055
1047
1047
992
1062
1062
1141
1039
1086
1102
1094
1031
1086
1133
1102
1023
1070
1109
1102
1016
1102
1156
1156
1031
1070
1070
1102
1031
1078
1125
1125
1000
953
984
969
1023
1266
1359
1227
1305
1258
1156
1180
1219
1133
1039
1094
1133
1156
1094
1141
1172
1203
1117
1125
1125
1109
1047
1062
1102
1156
1086
1125
1141
1117
1039
1102
1094
1094
1039
1078
1062
1094
1008
1031
1039
1039
984
1031
1031
1039
984
1055
1055
1062
984
1047
1094
1039
961
1000
1039
1070
1047
1133
1188
1148
1070
1125
1148
1156
1086
1141
1141
1109
1000
1047
1031
1039
1016
1094
1156
1211
1086
1133
1102
1086
1031
1133
1141
1117
1039
1094
1102
1055
1055
1086
1078
1031
1070
1094
1102
1047
1109
1117
1070
1000
1023
1086
1094
1070
1211
1273
1227
1156
1148
1148
1086
1086
1102
1133
1047
1102
1109
1117
1016
1078
1094
1070
1023
1141
1195
1125
1102
1148
1148
1062
1125
1133
1086
1023
1070
1070
1031
1000
1078
1086
1062
1023
1094
1109
1109
1023
1078
1102
1086
1023
1047
1062
1070
1016
1062
1086
1094
992
1055
1078
1078
1016
1078
1125
1148
1086
1156
1180
1156
1070
1078
1086
1023
984
1031
1086
1078
1070
1078
1102
1023
1055
1133
1141
1078
1133
1164
1148
1086
1180
1195
1156
1086
1141
1125
1078
992
1031
1086
1141
1023
1141
1211
1133
1141
1156
1141
1055
1133
1133
1117
1070
1109
1148
1133
1000
1047
1086
1125
1086
1195
1250
1211
1172
1227
1195
1148
1070
1102
1102
1102
1008
1047
1078
1109
1047
1102
1156
1102
1164
1141
1070
992
1039
1086
984
1039
1094
1148
1117
1125
1195
1211
1109
1109
1078
1023
984
1000
1023
1055
992
1055
1125
1172
1102
1172
1195
1148
1086
1141
1156
1125
1039
1086
1102
1117
1047
1078
1102
1102
1055
1062
1117
1094
1039
1102
1102
1055
1008
1047
1055
1055
984
1062
1062
1062
1023
1055
1062
1062
992
1031
1055
1055
992
1070
1117
1117
1031
1109
1164
1078
1047
1055
1102
1070
1008
1109
1086
1070
1031
1094
1125
1055
1055
1094
1109
1047
1094
1109
1094
1031
1039
1078
1055
1016
1062
1094
1070
1016
1078
1148
1094
1078
1109
1172
1047
1062
1062
1055
1000
1070
1109
1078
1000
1031
1031
1031
953
977
1000
969
922
977
1008
1023
992
1086
1094
1062
1000
1047
1070
1078
1031
1078
1125
1078
1047
1039
1078
1094
1023
1086
1133
1109
1070
1070
1070
1070
992
1094
1133
1117
1055
1109
1141
1070
1094
1125
1117
1016
1016
992
1039
1008
1078
1141
1133
1055
1070
1070
1055
977
992
1031
1008
953
1039
1055
1070
1023
1062
1102
1078
992
1031
1070
1047
1008
1078
1117
1117
1047
1047
1055
1070
1000
1047
1062
1055
1008
1031
1070
1055
1000
1055
1062
1078
1000
1039
1078
1102
1016
1094
1086
1086
1023
1062
1109
1109
1039
1070
1086
1070
1039
1102
1133
1117
1016
1055
1078
1102
1047
1094
1133
1141
1047
1094
1102
1086
1008
1070
1070
1031
977
1031
1078
1133
1031
1055
1055
1055
984
1031
1094
1117
1094
1133
1141
1109
1000
1078
1109
1109
1031
1055
1086
1078
1039
1055
1062
1031
1008
1125
1164
1141
1070
1109
1086
1031
984
1016
1055
1086
1008
1055
1078
1078
1008
1039
1055
1062
1008
1070
1039
1055
1016
1055
1094
1141
1102
1109
1141
1094
1070
1102
1133
1055
1086
1117
1070
992
1008
1023
1047
1039
1109
1156
1117
1062
1094
1117
1086
1031
1117
1102
1047
1008
1039
1031
977
914
906
891
859
859
945
1086
1086
1023
1062
1086
1062
984
992
945
898
867
852
820
812
789
797
828
844
883
844
898
852
828
750
734
766
766
773
789
820
836
867
875
883
867
875
859
844
836
766
750
727
727
672
695
672
672
695
820
941
1062
1078
1141
1164
1164
1164
1078
1047
1055
1055
922
867
828
781
750
734
781
891
941
992
1055
1117
1016
945
969
992
977
961
953
1008
1062
1062
1008
1016
1039
1023
969
1008
984
906
883
867
828
805
758
781
766
773
781
727
750
758
742
750
742
742
734
742
734
750
727
695
703
711
711
656
672
680
664
664
664
680
734
742
789
797
898
953
992
977
922
945
906
898
875
922
969
1031
1000
977
953
922
938
898
898
867
875
805
805
789
758
766
727
750
773
773
773
789
766
773
758
750
758
773
750
750
773
766
773
758
750
734
727