977
1016
945
945
984
945
953
969
898
914
953
953
945
875
891
930
867
812
844
883
906
930
1000
977
930
930
1016
1000
969
969
984
969
1008
1039
984
984
1016
1023
977
1000
969
977
1031
969
969
1000
984
1008
1039
984
906
930
922
891
914
1008
1008
977
1070
1062
992
992
1000
984
1070
1078
992
1031
1078
1039
1070
1055
1008
992
977
922
953
992
953
1016
1031
938
969
961
938
961
1055
977
1000
1000
945
992
1039
984
1031
992
930
992
984
953
984
992
930
984
977
906
930
1023
1039
961
992
961
922
1000
1062
1000
1008
984
906
922
953
938
906
953
984
953
984
1023
992
1047
1078
1047
1055
1039
1023
1062
1000
1008
1039
1023
969
1000
859
836
875
938
852
789
789
758
727
773
828
906
914
914
961
992
914
836
844
852
820
805
781
742
727
711
695
680
664
664
664
711
750
844
953
1000
1023
969
1062
1062
1008
1039
1094
1047
1000
1078
1109
992
992
1094
1055
977
984
1031
953
930
992
1125
1086
1008
1031
1078
1031
922
891
844
844
883
1000
1070
1102
1078
1141
1156
1148
1125
1078
961
945
953
922
961
1000
992
1023
984
914
914
953
938
1016
1086
1039
1039
1062
1055
1086
1078
1039
1047
1031
1047
992
859
789
797
773
836
1156
1070
1141
992
1055
1031
1039
1062
984
992
1031
1094
1141
1125
1078
1070
1070
1016
1023
1031
1023
1062
1039
1062
1062
977
906
906
930
922
945
1055
1023
977
984
945
875
938
1055
1070
984
984
1047
984
1016
1047
992
1031
1023
953
1016
1000
992
867
844
820
852
906
906
859
820
805
781
766
719
719
711
719
727
750
781
812
812
805
797
812
852
898
883
883
906
898
852
867
898
938
922
938
945
930
922
922
883
828
805
789
750
758
734
750
727
797
859
867
938
984
930
914
930
938
914
953
984
961
945
945
953
914
945
969
938
953
969
961
930
898
852
844
836
828
891
898
922
945
930
945
945
922
945
969
922
938
945
906
953
914
859
875
891
930
852
859
922
898
906
930
961
938
836
828
906
969
969
914
891
930
992
992
1031
1039
1031
1031
1039
930
875
891
953
930
906
969
961
938
922
953
930
898
914
914
883
938
945
914
930
945
922
922
922
898
898
953
953
898
938
969
922
906
945
945
953
969
938
930
930
930
914
945
945
922
945
984
938
969
992
953
961
977
945
953
1008
984
1000
1031
984
992
1008
953
961
984
961
1047
1047
938
945
914
883
930
953
914
953
1039
1000
1039
1031
977
977
1016
969
953
945
945
992
1117
1055
1109
1086
1008
1023
984
930
953
953
938
969
1047
984
1008
984
938
969
1008
961
906
922
922
938
1016
1031
969
961
938
898
945
1008
961
1000
1031
1008
1062
1070
1016
1016
992
977
1031
1016
1000
1008
914
883
844
852
867
1117
1172
1078
1094
1047
1008
1047
1047
1031
1086
1062
1078
1078
992
961
961
922
977
1008
914
898
977
1000
984
1102
1031
1062
1062
945
1000
1086
1016
1055
1055
1016
984
984
969
1039
1000
883
891
1023
1016
1070
1078
977
906
945
992
1023
1031
984
1000
984
969
984
938
969
1039
1047
1008
1047
1000
1008
1023
1047
945
945
1031
984
1039
1062
977
938
992
1031
1148
1141
1016
1039
1070
977
938
992
1000
1031
1109
1070
992
1070
1047
984
1008
1047
992
1000
1000
930
992
1047
984
953
1016
969
1008
1055
984
1016
1062
1031
1031
1047
984
1016
977
938
969
1023
977
945
1016
1016
945
953
961
883
852
859
867
852
906
852
820
883
828
812
898
867
875
914
992
992
1016
1047
1008
1023
1062
1000
1016
1055
1016
1086
1102
1047
953
867
914
977
1039
1195
1219
1078
1070
969
914
945
1055
1039
1023
1031
945
984
1078
1039
1062
1039
938
930
930
867
859
891
1062
938
914
992
1023
1078
1109
1039
1094
1125
1039
1102
1070
1023
1070
1117
1062
1078
1094
1039
1047
1070
1039
961
961
914
891
914
1016
961
984
1000
922
906
953
1039
953
1008
1039
1000
1062
1047
953
1016
1062
961
969
1109
961
1008
1094
1016
1047
1070
969
984
1047
922
945
969
953
914
1039
1047
977
1031
1047
961
969
1047
1016
1062
1094
1062
1109
1117
1039
1070
1078
992
922
1008
1008
945
906
984
969
977
1055
1086
984
969
938
859
844
914
1000
945
914
953
891
906
1039
1070
1062
1023
969
883
852
898
945
1219
1180
1055
1125
1070
1117
1117
1070
1055
1094
1031
1008
1000
969
922
1086
1047
1070
1133
1070
992
1039
1055
961
867
891
906
930
883
883
828
797
750
805
812
828
781
758
695
711
688
688
656
641
641
633
609
609
617
586
602
609
633
633
641
672
719
828
805
844
1016
1055
1023
1125
1102
1078
1109
1117
1086
1133
1125
1133
1180
1109
1117
1141
1047
1078
1094
1016
1172
1141
1164
1203
1141
1188
1172
1117
1133
1133
1109
1156
1164
1008
1000
1023
938
984
969
984
1109
1070
1086
1078
1000
1000
914
898
1000
1203
1109
1148
1133
1047
1094
1086
1039
1109
1086
1086
1102
1047
1086
1070
1055
984
883
914
1148
1180
1102
1133
1125
1078
1094
1062
1023
1062
1039
1000
1039
1078
945
984
914
930
969
1102
1062
977
1039
1000
1031
1039
992
1078
1055
1078
1094
1102
1117
1094
1008
1039
1125
1055
891
922
992
898
883
1039
1141
1062
1164
1172
1070
1086
1102
1094
1125
1094
1102
1141
1102
1078
1117
1094
1039
1094
1062
1039
1062
1039
1094
1094
1008
992
1008
992
906
805
781
766
820
781
750
875
914
977
1062
930
977
1008
1000
1070
1156
1102
1133
1125
1078
1109
1070
1102
1102
1086
1062
1102
1070
1086
1094
1008
953
977
883
875
844
828
812
961
1172
1133
1242
1188
1164
1164
1109
1141
1125
1078
1016
922
984
1008
930
945
1094
1156
1258
1227
1172
1203
1141
1141
1125
1062
1070
1117
1062
1102
1102
1023
1086
1102
1016
1039
992
914
836
797
812
820
1102
1133
1016
1219
1172
1172
1234
1133
1156
1164
1133
1117
1102
1078
1117
1102
1023
1078
1070
1055
1070
1094
1016
1055
1055
977
992
977
906
891
1000
1047
977
1062
1016
930
977
984
945
1062
1070
1008
984
867
805
812
797
992
1078
1094
1047
1164
1141
1062
1055
977
938
1039
1125
1078
1133
1070
1000
1062
1062
977
1078
1039
984
1055
1094
1000
859
859
1172
1023
1039
1141
1078
1148
1156
1102
1141
1094
1062
1086
1008
1000
1031
984
992
1039
1008
1000
1023
1000
1000
1031
1000
945
852
781
766
766
844
984
1266
1141
1172
1188
1125
1164
1148
1133
1172
1102
1109
1109
1047
1078
1109
1070
1094
1062
1016
1031
1047
1070
1156
1055
1023
1086
1016
1047
1039
1016
1047
1008
1023
1109
992
930
969
992
945
1023
1109
969
1016
1078
1008
1070
1023
875
820
844
898
1047
1211
1102
1156
1133
1102
1125
1117
1086
1102
1070
1070
1078
1023
1055
1023
992
1023
1062
1047
1078
1047
961
1016
1094
1039
1070
1094
1031
1047
1047
977
984
1016
977
992
1023
992
1031
1102
1008
1047
1094
1008
1047
1094
1008
1055
1055
992
1016
1070
1000
1016
1023
961
1086
1047
953
922
977
977
1047
1086
1016
1086
1094
1008
1086
1086
1008
1086
1055
977
1031
992
961
1000
1047
1000
1094
1086
1055
1055
1047
953
906
1000
1008
1047
1047
977
1031
1070
1008
1039
1062
1000
1062
1047
977
1031
1016
969
984
992
930
898
945
977
961
1062
1102
1000
1094
1055
961
969
1023
1016
1000
1070
1086
1023
1070
1039
1086
1078
984
1055
1055
969
953
1023
1070
953
977
977
914
914
1031
1023
1031
1109
1078
1078
1086
977
938
969
906
875
1016
1102
1023
1055
1086
992
1016
1031
1039
1117
1055
1086
1055
984
984
1047
1047
1023
1047
1016
961
1023
1031
1039
1086
1039
1023
1070
1055
1047
1086
1062
984
1023
1078
1000
992
961
891
914
1008
977
1062
1133
1008
1000
1023
969
992
1008
969
1000
1031
984
914
945
984
914
930
1008
992
953
1016
1023
922
914
1008
961
969
1000
1023
1008
1094
1133
992
1039
1023
1016
1047
1078
1016
1094
1078
1016
1094
1078
1000
1039
1062
1000
1008
1016
992
1031
1000
961
1008
984
969
992
969
945
1031
1062
984
1016
1062
953
1023
1070
984
1031
1062
1000
1102
1141
1031
1070
977
922
984
984
1070
1133
1031
1086
1109
969
1000
1031
969
1047
1086
1016
1086
1086
1000
1039
1078
1016
1031
1031
984
1008
1031
1008
1062
1102
1047
1062
1102
1000
1023
1062
992
1008
1094
1070
1125
1133
1031
1109
1094
1039
1016
984
984
1008
969
1031
1039
992
1078
1070
1008
1078
1039
969
1016
1086
945
1000
1062
1023
1078
1078
1000
1070
1078
969
984
977
961
1016
1055
1016
1078
1031
1000
1031
984
1031
1086
1000
1047
1117
1086
1125
1109
1055
1078
1039
1000
1055
1062
1000
1070
1031
992
1062
1039
969
1016
1016
969
984
1055
1016
1016
1055
1055
992
1023
1023
992
1047
1039
938
992
1000
1008
1047
1070
1016
1070
1086
984
1055
1062
984
1008
1023
1016
984
906
844
797
820
914
984
930
961
914
812
758
719
695
656
680
656
680
680
680
680
688
680
680
688
727
773
758
766
773
773
852
891
906
891
930
883
883
898
898
891
953
1039
1031
1117
1102
1109
1109
1078
1125
1016
969
1094
1102
1164
1156
1133
1203
1109
1148
1125
1094
992
852
891
992
1094
1164
1102
1141
1156
1117
1164
1102
1156
1133
1062
1109
1086
992
906
812
844
844
938
1070
1203
1180
1086
1133
1055
1000
1094
1117
1164
1172
1117
1172
1172
1125
1172
1117
1094
1109
914
836
875
1203
1094
1156
1117
1164
1141
1086
1117
1062
1078
1070
1016
1039
1086
1000
1062
1086
1016
1047
1117
1000
1023
1055
977
938
805
750
766
883
1000
1188
1141
1117
1227
1117
1242
1164
1172
1219
1156
1188
1148
1133
1117
1078
1141
1078
1094
1102
1070
1062
1055
1000
1047
1055
969
1008
1070
984
945
1000
953
1023
1133
1031
1094
1148
1062
1055
1039
1000
1086
1055
969
1008
1047
992
1086
1000
906
922
1180
1141
1133
1156
1086
1125
1062
1086
1125
1055
1055
1125
1055
1141
1102
1055
1109
1086
1062
1109
1047
1070
1117
1016
1023
1078
1000
1070
1133
1062
1133
1125
1031
1078
1102
1039
1070
1047
953
984
1031
1000
1070
1109
1055
1102
1117
1031
1070
1070
984
1047
1062
1000
1039
1031
961
1016
1031
1008
1039
1109
1023
1039
1070
1000
1031
1023
1008
1078
1094
1047
1086
992
938
906
953
1031
1039
1125
1125
1078
1086
1094
1016
1055
1078
1008
1070
1109
1023
1055
1086
1031
1039
1070
1031
1055
1070
1016
1070
1070
1016
1102
1078
1016
1055
1062
984
1031
1047
977
992
1039
1023
1047
1047
1000
953
1008
953
984
1047
984
992
1008
1008
1008
1078
1070
1047
1094
1016
977
1031
1023
1008
1125
1117
1109
1102
1031
1055
1094
1023
1086
1094
1000
1000
1055
1000
984
1062
1047
1047
1070
992
984
1023
961
930
1000
992
1016
1039
961
992
1086
1031
1023
1148
1094
1070
1047
992
1031
1078
1016
1031
1062
969
1008
1062
1008
1062
1102
1031
1055
1062
1016
1047
1070
1008
1031
1055
992
1016
1062
969
969
1008
969
1008
1031
1055
1008
1031
1062
1008
1016
1000
945
992
1062
1008
984
1031
1062
1000
1039
1055
992
984
1008
1062
1039
1023
1086
1133
1031
1062
1109
1031
1047
1102
1023
1047
1039
1039
1070
1062
977
1039
1047
984
992
1039
977
1000
1039
977
1031
1094
1016
992
1031
977
977
1031
969
922
992
977
1047
1086
1000
1055
1109
1023
1070
1125
1070
1086
1109
1047
1062
1047
992
1000
1008
984
1086
1055
898
797
766
742
789
1016
1039
1227
1188
1141
1172
1109
1164
1156
1062
1094
1125
1062
1078
1055
1055
1125
1102
969
984
1016
1008
1070
1109
1062
1117
1070
1008
1047
1000
1000
1070
992
1031
1102
1055
1062
1086
1047
1070
1094
1047
1062
1086
1047
1086
1070
1047
1039
1008
984
1000
1000
1062
1094
1023
1094
1156
1062
1102
1094
1039
1078
1086
1023
1078
1039
1031
1070
1023
1070
1102
984
992
1023
961
1016
1094
1016
1008
1039
1031
1047
1039
1023
1086
1094
1016
1023
1008
961
1039
1070
1016
969
984
969
977
1000
1008
1070
1008
1000
1086
1016
984
1008
969
938
1016
1000
992
1055
1047
1008
1047
1055
953
992
1008
1000
953
977
953
945
1055
1023
1008
1062
1039
977
1062
1031
1039
1070
1031
1016
1023
992
1000
1000
945
914
930
938
1000
1023
969
1047
1094
1008
1016
1000
977
992
1000
1008
1078
1047
969
984
1031
984
1047
1062
992
1070
1109
1023
1055
1070
1000
1023
1070
992
1008
1070
1023
1023
1094
1023
1016
1039
1047
1102
1039
1023
1039
961
992
1047
992
1000
977
914
984
1031
1016
1016
1078
1000
1000
1070
992
1016
1039
930
969
1062
945
969
1062
1023
1031
1062
1008
1039
1062
1008
1023
1055
1016
1047
1117
1047
1094
1109
1062
1094
1094
1008
1062
1055
1008
1031
992
938
938
984
984
1016
1086
969
992
984
945
922
969
984
953
914
914
1023
1047
1062
1086
1031
1070
1078
1016
1055
1078
1000
984
1055
977
977
1062
1062
1070
1086
1039
1031
1055
992
1023
1078
1031
1047
1109
992
1039
1094
1016
1047
1086
1016
1078
1008
953
1008
1062
1031
1078
1109
961
922
961
891
852
859
906
898
969
930
1008
1070
1039
1039
1000
1070
1109
1055
1086
1031
1039
1109
1055
1055
1086
1031
1008
1047
969
984
1039
977
984
1047
1070
1000
1016
1008
953
961
1070
1039
1039
1125
1062
1109
1141
984
969
1031
1031
1008
1078
1055
1039
1062
1000
1000
1062
1016
1047
1086
1008
1016
1086
1000
1031
1078
1039
1039
1070
1008
1023
1023
977
1039
1094
1039
1047
1023
977
1062
1078
1016
1070
1070
1008
1055
1070
984
1000
938
914
984
992
1039
1070
1008
984
1055
1023
961
1023
984
969
1008
984
984
1031
1047
1016
1055
992
1039
1070
984
1016
1102
992
1031
1055
945
984
1000
969
1023
1039
984
1023
1062
984
1016
1039
992
930
828
789
773
734
750
781
852
859
945
938
906
953
961
1023
1086
1031
1047
1047
1055
1047
1016
1047
1070
1078
1102
1023
1039
1062
961
969
1055
1016
961
1062
1023
984
1031
1031
984
1039
984
906
938
984
969
1062
1102
1023
1062
1062
969
1000
1047
953
953
984
992
1055
1070
1008
1008
1031
984
984
1055
1000
1031
1086
1055
1078
1109
1000
1031
1070
1023
1117
1109
1031
1094
1070
1016
1055
1031
969
992
922
922
977
1039
1102
1086
1117
1055
1062
1047
922
852
836
812
867
1016
1031
1117
1102
1156
1133
1055
1109
1102
1039
1047
1047
977
1008
1102
1023
1078
1117
1000
1023
1039
1016
1070
1062
1023
1070
1133
1078
1070
1070
984
984
1055
1008
992
1094
1008
906
883
883
867
875
930
930
859
836
859
867
1125
1117
1109
1109
1023
1039
1078
1023
1070
1078
1039
1102
1039
1000
1055
1016
1023
1047
992
969
945
906
930
1055
1047
1062
1109
969
953
977
1039
969
1094
1133
1008
1086
1070
953
1000
1055
977
969
1078
1039
922
969
1078
1016
1031
1094
1031
1047
1070
1023
1016
1031
1000
984
1008
984
1039
1117
1070
1133
1109
1047
1062
1023
1039
1070
1008
1062
1078
1023
1055
1070
984
1031
1078
1016
1086
1102
1016
1039
1070
992
1039
1039
953
984
1070
977
938
945
953
984
1039
1008
1047
1078
1000
1008
1016
930
953
977
1000
1070
1133
1047
1016
1039
1055
1062
1148
1102
1102
1047
977
1000
969
969
1039
1016
1031
1023
930
930
953
1000
969
1070
1023
1016
1023
953
906
953
1016
1008
1070
1102
1047
1102
1086
1008
1039
1078
1000
1008
1070
977
1016
1086
984
1008
1031
969
1008
1078
984
977
1070
1023
1016
1070
1008
1031
1055
1031
1000
1055
1000
992
1031
1039
977
969
977
906
938
969
961
969
992
961
961
992
969
992
984
922
961
1016
984
1094
1133
1055
1055
1078
1016
1055
1055
969
1031
1070
992
1047
1055
969
945
1102
1023
961
984
945
836
836
891
891
961
1062
977
1000
1070
1031
1031
1070
1008
1031
1039
1008
1062
891
789
758
773
805
828
836
914
898
867
961
977
961
984
1070
1016
883
844
906
1039
1203
1156
1195
1172
1180
1172
1141
1117
1102
1117
1023
1047
1070
1031
1070
1086
984
945
867
773
781
789
820
922
1211
1000
1133
1148
1102
1172
1109
1117
1125
1070
1039
1070
1055
1180
1156
1117
1148
1078
1094
1102
1031
1070
1039
1055
1109
1039
1070
1094
984
1039
1086
1039
1102
1117
953
844
828
859
867
984
1242
1172
1203
1125
1188
1117
1133
1133
1102
1109
1070
1078
1102
1039
1047
1078
1047
1070
1070
1000
1070
1078
1016
1078
1070
992
1062
1047
984
1016
1016
1000
1086
1062
1031
1086
992
1039
1047
953
992
1094
1008
1039
1094
1000
1055
1094
1023
1055
1070
1008
945
1016
1031
1016
1094
1070
1047
1109
1109
1016
1078
1078
1086
1117
1039
1094
1086
1016
1062
1117
1023
1031
1070
992
992
1016
945
1039
1094
1023
1094
1125
1031
1047
1086
977
1000
1062
1016
1031
1086
1047
1125
1141
1031
1039
1086
984
1000
1117
1055
1086
1125
984
984
1023
961
961
1008
977
984
1094
1047
1094
1109
1031
1070
1078
992
992
1039
984
1023
1125
992
977
1055
1016
1031
1047
961
969
1023
930
945
1062
977
961
1062
1102
984
984
984
930
938
1023
984
1055
1141
1031
1094
1094
1078
1109
1086
1062
1117
1086
1047
1078
1039
1047
1102
1039
1062
1078
992
1055
1039
1000
1055
1039
961
1000
1023
969
1016
1117
1031
1078
1109
1000
984
1000
984
969
961
891
906
1070
1086
1094
1125
1016
1016
1055
992
1039
1094
1023
1023
1062
1000
1008
1070
1000
1000
1000
1000
1070
1078
1039
1094
992
953
945
1070
1039
1102
1133
1055
1078
1062
1047
1102
1031
1016
1031
969
977
1000
977
1008
1078
1031
1008
1109
1016
984
1047
1047
992
1031
1062
1000
1031
1078
1008
1008
1016
922
977
1031
984
1016
1109
1039
1031
1070
969
961
969
922
938
977
945
1016
1156
1031
1039
1016
945
969
1008
953
969
1062
1016
1016
1055
1023
1000
1055
1016
1016
1023
1000
953
992
938
914
922
938
930
922
969
938
969
1047
1016
1031
1039
969
977
1031
984
1000
1000
930
961
1016
945
953
1031
1008
1016
1008
938
945
1000
1023
938
984
984
930
977
992
938
961
1000
945
945
977
930
938
992
992
945
984
1047
953
914
992
977
1031
1078
1039
1016
1078
961
984
1055
1031
1000
1094
1039
1023
1039
1062
1078
1086
1023
1016
992
930
1000
1016
945
938
922
922
1008
977
953
922
984
930
969
1055
1000
1016
1031
969
938
992
992
984
1039
1000
1008
1039
984
1000
1039
1016
945
1016
1000
1047
1094
1062
1016
1039
938
969
1039
1023
1078
1117
1039
1031
1086
1023
984
1031
1016
961
984
1023
938
914
945
961
961
1000
977
984
984
992
977
1070
1000
953
945
922
1031
1055
961
961
1008
984
1070
1141
1070
1109
1047
953
992
1047
1000
1039
1086
984
1023
992
953
1008
1039
992
984
1000
930
898
1000
1031
977
1047
1062
992
1023
1094
930
898
945
914
961
1047
1039
1047
1070
992
961
1039
1023
953
992
1055
984
1016
1039
1000
1023
1039
977
1023
1047
961
1016
1070
1016
1016
1055
1000
977
1031
984
992
1023
992
984
1008
1000
938
1039
992
992
1023
969
969
1016
1102
1109
1156
1055
1062
1094
1016
1055
1062
1000
1008
1016
977
1047
1023
914
969
1031
961
984
1047
1016
1039
1055
1008
1031
1047
984
1016
1047
984
1023
1055
992
992
1039
1008
1023
1055
1000
961
984
1000
969
969
1016
953
977
969
977
945
992
1031
1000
1047
977
984
1000
953
1008
1102
984
984
1094
1031
984
1055
1023
1016
1078
1062
1062
1102
1023
1039
1039
1008
1016
1055
977
992
1039
1023
969
1000
1000
953
1000
992
1000
1070
1031
1000
1086
1078
1039
1031
945
930
1016
992
1000
1102
1055
1008
1055
953
977
1008
977
969
992
1000
969
969
1023
984
1023
1016
938
1039
1047
961
992
1125
1016
1016
1086
1008
1016
1070
1000
1000
1016
1031
1031
1070
1016
1031
1047
1000
992
1070
1055
1078
1070
1031
1023
1070
1023
984
1039
1062
1055
1070
984
992
1039
961
961
977
984
984
1062
1047
1016
1039
1023
945
1000
953
977
1016
953
930
961
1016
961
1039
1031
1062
1078
984
1000
1055
1000
977
1023
953
961
1016
938
914
1016
1031
961
1023
1047
984
1016
1039
977
1023
1039
953
1000
1062
1008
1047
1109
1008
992
1062
961
1000
1055
1016
1031
1031
977
1039
1062
1008
1031
1055
992
1016
1000
953
930
1008
961
945
977
961
938
984
1031
984
1016
1016
938
938
984
906
898
945
953
969
1039
1062
1000
1047
1062
977
1031
1047
1023
1000
1023
961
1000
1023
961
992
1070
992
992
1039
984
969
1055
969
1039
1070
1039
1047
1094
1008
969
1016
953
914
1031
1000
992
1008
1031
992
1047
1016
992
1055
1008
1000
1023
1000
969
992
1023
953
1000
1055
1016
1047
1039
1008
1031
1062
1023
1086
1094
984
1008
1039
1031
1141
1023
1000
1070
977
984
1062
977
1016
1062
1023
1094
1086
1031
1016
1039
1000
969
1031
992
930
1070
1047
1086
1109
1047
1055
1078
1016
1047
1047
1016
1023
1094
1031
1008
1047
1016
977
984
1039
984
1023
1078
992
969
1078
1000
1016
1047
992
992
1016
930
945
945
922
992
1102
1039
1062
1109
1016
1000
1031
992
1016
1070
1039
1047
1086
1031
1031
1094
984
1016
1094
984
953
1078
1047
1062
1078
1031
1023
1062
1016
1047
1070
1008
1008
1031
961
1000
1094
1008
1031
1078
992
1008
1016
1000
1023
1078
1016
1078
1133
1047
1047
1062
984
1023
1086
969
1016
1031
1039
1062
1141
1047
1078
1094
1016
1008
1062
1078
1023
1062
1062
1016
1055
1031
992
1023
1047
914
969
1062
961
977
1086
1023
1016
1094
1070
1047
1055
1016
969
1016
1047
977
992
1062
969
961
1023
1070
1000
1055
1117
1023
1070
1109
1016
1008
1094
1000
992
1070
992
1031
1055
1008
1000
1047
1016
992
1039
945
969
1047
1031
1008
1047
984
1000
1016
1023
1016
1094
1039
1062
1086
1039
1055
1094
1000
1039
1016
984
1031
1062
977
1008
984
1016
1070
1008
992
1039
1016
945
1031
977
906
906
1023
1078
1094
1148
1094
945
852
797
742
766
812
844
805
844
852
820
797
805
789
773
758
781
797
766
766
789
805
781
773
797
805
758
742
758
750