1102
1102
1266
1359
1203
1195
1211
1211
1203
1109
1125
1234
1273
1227
1109
1172
1344
1328
1258
1141
1281
1305
1242
1094
1211
1336
1242
1211
1148
1250
1328
1180
1102
1250
1312
1266
1172
1094
1320
1398
1266
1180
1258
1305
1336
1203
1266
1320
1320
1297
1125
1133
1227
1078
1125
1031
1156
1500
1406
1227
1344
1430
1375
1227
1383
1289
1211
1203
1211
1227
1227
1156
1180
1352
1312
1180
1242
1430
1227
1133
1102
1359
1289
1258
1156
1414
1367
1297
1164
1219
1320
1320
1148
1148
1352
1328
1297
1164
1289
1344
1312
1172
1234
1289
1211
1219
1148
1078
1258
1336
1211
1094
1148
1227
1234
1148
1117
1281
1273
1188
1125
1109
1328
1297
1195
1086
1211
1398
1367
1219
1234
1305
1289
1211
1258
1422
1312
1148
1164
1406
1336
1211
1234
1336
1266
1211
1195
1305
1250
1203
1117
1156
1172
1188
1164
1055
1148
1320
1352
1180
1141
1242
1312
1258
1094
1148
1266
1250
1180
1102
1258
1258
1062
992
1156
1336
1305
1164
1203
1383
1203
1203
1172
1297
1289
1211
1203
1414
1297
1195
1141
1250
1297
1188
1180
1258
1273
1242
1109
1023
1250
1406
1305
1156
1273
1398
1359
1273
1266
1320
1328
1234
1242
1281
1297
1211
1164
1219
1234
1195
1125
1047
1234
1258
1258
1188
1164
1305
1312
1125
1078
1234
1422
1320
1188
1211
1328
1273
1195
1234
1289
1281
1195
1195
1305
1305
1164
1297
1383
1336
1211
1203
1250
1242
1227
1133
1180
1211
1250
1250
1117
1047
1180
1312
1266
1133
1062
1078
1281
1445
1242
1438
1375
1352
1219
1305
1328
1297
1242
1133
1320
1289
1273
1180
1148
1344
1281
1250
1164
1219
1398
1328
1273
1250
1336
1234
1133
1148
1461
1336
1203
1219
1391
1336
1273
1188
1312
1328
1266
1141
1219
1273
1219
1180
1281
1344
1320
1234
1156
1273
1281
1273
1164
1117
1266
1289
1211
1102
1227
1328
1312
1195
1133
1250
1266
1133
1125
1391
1281
1281
1164
1172
1367
1289
1195
1250
1320
1250
1250
1141
1203
1320
1266
1242
1117
1266
1297
1250
1148
1195
1383
1297
1211
1148
1250
1180
1172
1117
1281
1406
1273
1203
1242
1281
1281
1258
1141
1258
1305
1250
1219
1141
1195
1273
1203
1133
1148
1219
1219
1195
1109
1219
1305
1312
1148
1180
1375
1414
1266
1156
1273
1305
1211
1141
1250
1266
1195
1086
1148
1297
1328
1234
1117
1227
1281
1242
1156
1086
1180
1289
1266
1148
1109
1203
1250
1266
1109
1102
1242
1375
1180
1219
1352
1312
1203
1188
1250
1336
1164
1211
1258
1242
1148
1109
1344
1289
1242
1180
1273
1312
1172
1094
969
1008
1195
1430
1375
1328
1469
1352
1141
1203
1297
1180
1094
1062
1547
1492
1422
1344
1320
1375
1305
1203
1156
1180
1359
1258
1234
1227
1109
1211
1336
1250
1125
1031
1273
1336
1258
1117
1266
1289
1203
1148
1031
1156
1289
1305
1172
1102
1273
1328
1281
1156
1164
1305
1289
1242
1148
1180
1227
1234
1125
984
938
992
1180
1000
977
922
867
836
828
820
820
820
805
789
758
766
758
742
742
727
734
727
727
711
727
719
719
727
734
734
750
938
969
1117
1266
1289
1234
1086
1180
1312
1344
1297
1125
1055
1359
1508
1445
1289
1367
1445
1359
1297
1281
1445
1406
1328
1219
1023
1531
1477
1312
1180
1258
1406
1477
1156
1250
1406
1453
1305
1477
1414
1414
1242
1281
1391
1312
1266
1078
1008
1477
1406
1289
1141
1328
1297
1258
1172
1195
1383
1219
1125
992
1047
1469
1258
992
938
930
914
914
1398
1219
1289
1289
1312
1195
1125
1125
1016
1008
1000
1016
977
1008
1008
992
1312
1188
1094
1070
1062
961
969
1305
1398
1062
992
1125
1125
977
945
922
906
875
875
1047
1211
1484
1367
1289
1219
1273
1297
1273
1250
1109
977
953
1000
977
922
1523
1352
1531
1383
1359
1242
1281
1266
1281
1234
1227
1102
1453
1422
1281
1227
1164
1219
1367
1250
1188
1102
1039
1234
1367
1336
1164
1281
1352
1289
1281
1203
1289
1383
1273
1102
1070
1328
1461
1383
1344
1188
1281
1305
1203
1078
1195
1375
1320
1258
1125
1180
1344
1219
1125
1031
1211
1219
1203
1156
1078
1469
1438
1297
1039
953
922
891
969
1492
1352
1461
1461
1375
1266
1352
1336
1297
1328
1242
1156
1156
1430
1391
1320
1203
1055
1352
1273
1297
1195
1180
1242
1242
1250
1125
1172
1414
1430
1328
1219
1391
1406
1328
1320
1211
1141
1250
1312
1227
1164
1062
1312
1469
1328
1219
1289
1336
1289
1141
1016
891
867
898
1422
1047
1125
1117
1445
1445
1414
1273
1359
1414
1398
1367
1273
1281
1164
1203
1242
1164
1211
1375
1336
1305
1188
1164
1234
1336
1289
1172
1172
1367
1352
1320
1172
1156
1250
1297
1289
1172
1141
1305
1305
1227
1117
1039
1258
1484
1391
1297
1398
1312
1258
1148
1180
1234
1359
1195
1227
1453
1359
1312
1164
1180
1312
1344
1273
1156
1297
1453
1375
1258
1094
1148
1516
1266
1250
1133
1500
1500
1469
1289
1492
1344
1391
1305
1375
1422
1312
1180
1125
1273
1312
1312
1258
1180
1406
1367
1312
1234
1148
1289
1422
1281
1227
1117
1188
1312
1305
1164
1102
1203
1305
1344
1203
1312
1453
1266
1219
1094
1273
1328
1328
1078
1117
1328
1391
1234
1195
1258
1281
1234
1086
1188
1227
1320
1289
1172
1297
1391
1375
1258
1133
1250
1344
1391
1234
1188
1305
1273
1242
1203
1109
1312
1312
1297
1258
1148
1281
1312
1312
1281
1117
1180
1297
1250
1219
1133
1125
1297
1328
1250
1172
1164
1383
1297
1172
1133
1211
1281
1258
1188
1258
1297
1320
1180
1125
1164
1188
1281
1180
1156
1297
1383
1312
1195
1258
1273
1266
1234
1094
992
1039
1477
1359
1242
1461
1398
1359
1250
1352
1320
1312
1195
1125
1242
1297
1258
1125
1148
1320
1359
1281
1195
1297
1383
1258
1008
969
1562
1547
1453
1305
1492
1430
1391
1211
1195
1352
1469
1305
1242
1188
1352
1289
1219
1188
1125
1266
1266
1062
977
938
1406
1430
1414
1273
1266
1406
1344
1156
1375
1453
1375
1273
1281
1422
1352
1289
1188
1078
1219
1492
1312
1188
1258
1352
1312
1320
1180
1289
1148
1117
1070
945
945
1383
1211
1062
1086
1156
1109
1359
1469
1383
1250
1258
1203
1258
1297
1289
1219
1141
1250
1305
1305
1242
1125
1133
1281
1328
1281
1250
1156
1102
1070
1180
1234
1156
992
1039
1492
1359
1242
1414
1383
1305
1172
1148
1258
1242
1305
1180
1219
1312
1180
1227
1195
1258
1531
1391
1297
1258
1219
1320
1281
1258
1211
1164
1180
1250
1297
1203
1234
1461
1344
1367
1180
1219
1273
1297
1273
1156
1094
1234
1273
1156
1055
1133
1391
1312
1164
1289
1297
1297
1211
1172
1242
1328
1305
1188
1164
1188
1312
1297
1234
1102
1047
1328
1219
1195
1367
1367
1109
1070
1273
1328
1211
1141
1336
1383
1312
1156
1164
1273
1289
1227
1117
1141
1398
1352
1289
1445
1375
1219
1266
1523
1422
1258
1062
1477
1406
1266
1289
1406
1359
1219
1188
1312
1297
1227
1102
1148
1242
1219
1266
1141
961
938
1453
1195
1125
1234
1555
1414
1344
1273
1391
1352
1242
1117
1219
1336
1047
953
977
1594
1500
1359
1312
1422
1359
1250
1203
1375
1250
1117
1031
1172
1305
1250
1203
1094
1180
1273
1258
1148
1172
1320
1258
1086
1172
1336
1305
1172
1156
1328
1312
1297
1172
1148
1195
1305
1250
1156
1375
1406
1328
1234
1109
1289
1305
1266
1125
1180
1336
1242
1172
1039
1164
1273
1266
1102
1172
1258
1219
1094
1094
1281
1203
1156
1125
1242
1172
1180
1141
1281
1180
1180
1109
1172
1312
1234
1164
1133
1195
1234
1125
1133
1227
1203
1102
1023
1109
1219
1188
1133
1039
1016
1094
1195
1086
1023
1055
1055
1305
1148
1242
1508
1352
1352
1383
1234
1289
1305
1172
1445
1367
1203
1203
1398
1266
1133
1273
1312
1219
1086
1312
1430
1242
1102
1156
1250
1188
1094
1219
1219
1172
1141
1141
1180
1078
1016
1102
1242
1195
1078
1141
1297
1242
1133
1141
1203
1203
1156
984
1023
1289
1219
1172
1023
961
1047
1375
1289
1180
1008
977
1172
1328
1234
1109
1062
1188
1258
1188
1148
1070
1023
1188
1305
1211
1039
1039
1227
1289
1227
1078
1031
1227
1211
1211
1156
1164
1141
1195
1203
1227
1406
1156
984
930
969
1562
1281
1281
1500
1344
1281
1156
1234
1289
1164
1133
1156
1305
1398
1219
1188
1055
1094
1156
1172
1148
1156
1109
1203
1219
1227
1109
1070
1258
1219
1242
1070
1109
1219
1289
1266
1125
1070
1203
1312
1258
1211
1117
1203
1203
1219
1164
1086
1188
1211
1195
1133
1109
1094
1211
1234
1141
1141
1117
992
953
922
1188
1523
1344
1148
1188
1398
1266
1156
1039
1086
1250
1203
1188
1156
1078
1219
1305
1320
1258
1234
1227
1484
1359
1273
1086
1016
1492
1227
1445
1469
1398
1250
1367
1430
1297
1156
1031
1258
1297
1266
1070
969
992
1430
1250
1016
1133
1367
1406
1297
1156
1250
1375
1312
1305
1195
1164
1258
1266
1203
1195
1070
961
906
891
867
867
953
1523
1289
1438
1422
1375
1266
1219
1352
1273
1258
1195
1125
1188
1188
1172
1133
1055
1219
1258
1211
1156
1078
1164
1312
1328
1258
1211
1211
1422
1328
1305
1219
1203
1398
1352
1250
1250
1219
1102
1227
1320
1266
1133
1273
1320
1250
1086
1141
1203
1195
1164
1055
1078
1156
1234
1234
1227
1312
1352
1195
1211
1109
945
898
1586
1531
1336
1531
1461
1398
1258
1367
1406
1305
1172
1125
1258
1297
1234
1133
1062
1188
1188
1312
1375
1305
1344
1438
1297
1391
1289
1148
1258
1320
1258
1117
1219
1445
1445
1258
1391
1398
1250
1297
1125
1133
1531
1359
1141
1297
1305
1133
1039
1031
1281
1305
1180
1047
1000
969
1039
1047
953
1016
1367
1312
1188
1125
1250
1195
1141
1031
1086
1227
1180
1148
1086
1227
1211
1070
1016
969
922
867
867
1179
1492
1273
1406
1430
1383
1227
1109
1320
1281
1289
1203
1102
1070
1289
1359
1180
1094
1039
1094
1102
1031
945
906
1016
1562
1344
1195
1281
1352
1266
1164
1133
1117
1336
1234
1180
1125
1016
1133
1328
1234
1227
1172
1273
1305
1258
1203
1094
1195
1234
1250
1195
1078
1109
1234
1258
1227
1133
1062
1172
1273
1219
1133
1148
1258
1281
1250
1125
1203
1305
1297
1273
1180
1234
1484
1336
1273
1148
1289
1320
1234
1133
1086
1359
1289
1250
1109
1070
1156
1242
1188
1094
1086
1234
1289
1234
1109
1117
1281
1188
1141
1258
1281
1273
1148
1305
1383
1258
1133
1250
1328
1258
1156
1219
1305
1312
1195
1086
1227
1320
1273
1203
1195
1398
1312
1156
1266
1352
1336
1148
1250
1359
1297
1148
1148
1336
1344
1281
1203
1320
1383
1297
1211
1383
1289
1188
1016
1281
1469
1398
1172
1141
1352
1297
1297
1195
1055
992
953
1344
1094
1539
1504
1469
1242
1383
1508
1414
1242
1273
1508
1391
1344
1148
1250
1406
1328
1281
1195
1219
1266
1281
1219
1141
1094
1359
1273
1219
1195
1164
1344
1398
1352
1266
1352
1273
1062
992
1211
1320
1320
1188
1195
1375
1328
1219
1156
1258
1281
1227
1156
1078
1172
1250
1242
1141
1039
1234
1359
1352
1281
1211
1289
1234
1156
1117
1242
1320
1258
1172
1102
1273
1258
1234
1070
1117
1328
1289
1195
1062
1141
1273
1258
1117
1023
1383
1383
1375
1156
1203
1273
1281
1289
1195
1094
1156
1266
1273
1180
1266
1422
1391
1273
1164
1266
1328
1266
1234
1172
1188
1312
1242
1180
1102
1219
1266
1133
1109
1008
1477
1406
1453
1375
1484
1430
1461
1438
1344
1242
1383
1344
1328
1297
1289
1180
1172
1227
1266
1148
1109
1250
1234
1227
1086
1078
1312
1188
1109
1203
1258
1242
1234
1133
1266
1320
1297
1266
1211
1281
1273
1305
1234
1133
1164
1312
1273
1297
1195
1219
1266
1258
1242
1180
1125
1234
1242
1305
1227
1156
1289
1312
1227
1094
1234
1297
1219
1086
1078
1281
1352
1305
1211
1289
1281
1188
1266
1367
1289
1250
1172
1219
1344
1312
1297
1172
1188
1312
1281
1258
1133
1172
1242
1281
1258
1125
1180
1242
1297
1195
1234
1391
1289
1234
1133
1172
1273
1234
1148
1273
1297
1242
1203
1258
1320
1305
1164
1234
1375
1328
1242
1234
1383
1281
1211
1141
1148
1211
1227
1234
1133
1195
1242
1250
1172
1203
1258
1242
1172
1133
1133
1156
1289
1320
1250
1391
1359
1312
1234
1289
1414
1375
1289
1188
1227
1289
1273
1266
1172
1273
1273
1281
1219
1172
1266
1219
1164
1094
1023
1039
1250
1266
1250
1469
1461
1289
1219
1320
1305
1195
1125
1234
1336
1352
1227
1281
1414
1328
1258
1203
1430
1367
1297
1180
1273
1312
1312
1242
1141
1320
1391
1258
1203
1156
1328
1328
1250
1133
1188
1250
1211
1180
1203
1359
1336
1234
1133
1234
1250
1234
1156
1117
1289
1305
1234
1172
1148
1266
1305
1234
1156
1273
1352
1297
1164
1125
1250
1383
1273
1297
1383
1312
1203
1250
1328
1312
1195
1242
1305
1266
1219
1188
1281
1289
1242
1156
1094
1109
1203
1148
1070
1109
1297
1297
1172
1266
1391
1227
1102
1117
1219
1219
1156
1164
1266
1234
1148
1164
1234
1203
1164
1234
1344
1289
1227
1148
1281
1328
1289
1188
1219
1266
1273
1266
1148
1250
1281
1305
1242
1148
1172
1227
1281
1242
1109
1195
1250
1250
1148
1109
1234
1227
1219
1094
1219
1359
1289
1195
1234
1320
1320
1211
1164
1320
1273
1219
1102
1188
1227
1188
1133
1117
1258
1297
1242
1133
1078
1281
1281
1289
1125
1234
1258
1266
1211
1234
1320
1281
1203
1117
1219
1273
1258
1148
1219
1227
1219
1164
1211
1352
1328
1172
1227
1312
1266
1172
1258
1242
1266
1188
1195
1258
1305
1180
1156
1234
1242
1172
1117
1234
1297
1273
1219
1258
1234
1219
1156
1109
1203
1250
1125
992
961
1031
953
906
898
898
914
883
867
859
828
844
836
812
789
797
789
789
773
789
758
781
766
750
734
727
703
703
703
688
664
672
672
664
656
656
664
672
727
742
766
844
1031
1125
1062
1078
1273
1188
1359
1352
1430
1320
1164
1242
1102
1039
1172
1070
1047
1172
1492
1398
1133
1250
1359
1109
1117
1539
1242
1078
1039
1070
1125
1102
1008
1234
1125
1469
1383
1414
1344
1242
1188
1164
1008
1047
1352
1070
961
945
953
914
1102
1141
1344
1469
1281
1258
1438
1445
1422
1344
1227
1375
1375
1305
1203
1133
1266
1297
1148
1016
1109
1383
1258
1141
1102
992
945
1008
938
930
1055
1039
969
867
844
828
820
797
781
758
789
766
758
797
789
797
797
820
867
883
898
922
1188
1203
1344
1242
1188
1352
1383
1203
1266
1422
1398
1234
1391
1391
1375
1195
1164
1117
1086
1047
1094
1234
1305
1164
1430
1352
1242
1414
1398
1266
1359
1406
1406
1328
1227
1375
1383
1172
1039
1008
1062
1555
1531
1484
1328
1312
1352
1328
1258
1344
1383
1242
1102
1133
1438
1398
1203
1344
1438
1344
1211
1289
1422
1289
1164
1344
1273
1289
1172
1305
1492
1414
1297
1188
1352
1352
1266
1195
1148
1305
1281
1141
1148
1312
1148
1047
977
1188
1359
1188
1328
1406
1227
1422
1367
1219
1375
1367
1234
1367
1414
1375
1227
1352
1383
1227
1023
922
883
953
953
969
930
883
875
891
875
867
812
852
812
805
797
789
773
789
812
953
1086
1023
1117
1242
1023
1000
992
1078
977
953
1203
1109
1383
1469
1375
1188
1180
1398
1414
1312
1148
1156
1406
1438
1312
1188
1234
1375
1453
1328
1289
1133
1125
1484
1461
1312
1172
1188
1367
1328
1180
1086
1266
1359
1305
1148
1109
1234
1383
1312
1148
1242
1391
1375
1250
1164
1320
1320
1297
1164
1164
1367
1312
1281
1164
1125
1367
1375
1297
1188
1164
1414
1344
1312
1195
1234
1359
1297
1242
1344
1352
1336
1305
1203
1320
1328
1305
1266
1133
1094
1312
1383
1328
1227
1172
1430
1375
1297
1180
1117
1445
1430
1344
1211
1445
1367
1367
1250
1281
1391
1344
1273
1203
1289
1242
1273
1195
1156
1422
1391
1305
1188
1273
1414
1328
1203
1141
1352
1391
1266
1148
1250
1367
1258
1117
1117
1164
1203
1133
1047
1242
1492
1156
1133
1398
1461
1281
1406
1453
1383
1227
1273
1461
1336
1266
1148
1195
1375
1359
1242
1172
1328
1367
1305
1227
1398
1367
1281
1094
1016
1188
1500
1398
1289
1383
1375
1305
1195
1320
1359
1250
1141
1117
1281
1328
1258
1156
1133
1367
1398
1289
1133
1195
1375
1367
1203
1094
1203
1258
1078
945
883
875
938
969
906
930
953
1039
1008
961
953
1047
1023
969
969
883
906
898
938
992
1117
1094
1008
1117
1438
1141
1195
1578
1445
1344
1172
1281
1555
1414
1320
1289
1391
1383
1352
1211
1250
1508
1359
1359
1258
1203
1305
1273
1250
1148
1188
1414
1336
1258
1102
1008
1070
1469
1453
1367
1359
1562
1453
1344
1273
1391
1383
1242
1461
1445
1445
1305
1430
1430
1391
1289
1266
1477
1352
1266
1289
1352
1344
1227
1352
1344
1312
1227
1250
1297
1328
1219
1195
1383
1312
1414
1367
1320
1250
1281
1391
1375
1234
1273
1391
1375
1258
1250
1375
1320
1234
1148
1188
1367
1266
1156
1250
1383
1258
1180
1164
1219
1266
1211
1062
1008
1250
1492
1359
1320
1469
1406
1336
1297
1477
1375
1336
1203
1289
1367
1359
1234
1281
1422
1336
1328
1234
1344
1406
1367
1250
1219
1391
1352
1289
1234
1305
1336
1328
1227
1227
1328
1305
1180
1172
1359
1383
1297
1188
1297
1312
1305
1203
1195
1320
1297
1180
1078
1008
1523
1430
1211
1227
1523
1391
1344
1234
1438
1367
1289
1406
1414
1344
1258
1336
1375
1258
1180
1148
1328
1344
1266
1188
1320
1422
1359
1242
1219
1328
1422
1266
1367
1359
1305
1141
1195
1359
1289
1352
1180
1172
1391
1461
1430
1281
1461
1375
1336
1258
1352
1414
1320
1258
1336
1453
1375
1289
1227
1336
1320
1297
1250
1164
1336
1289
1281
1156
1258
1328
1281
1211
1188
1328
1344
1211
1219
1320
1336
1234
1156
1281
1305
1188
1156
1289
1391
1203
1172
1258
1273
1250
1188
1242
1430
1352
1195
1227
1469
1406
1250
1273
1383
1305
1211
1289
1250
1156
1070
1141
1555
1469
1320
1320
1492
1391
1383
1250
1406
1375
1328
1250
1320
1312
1312
1250
1156
1219
1258
1258
1172
1109
1328
1312
1242
1141
1242
1273
1273
1148
1180
1461
1422
1273
1305
1375
1391
1203
1242
1359
1281
1266
1188
1375
1336
1234
1180
1273
1312
1195
1156
1297
1320
1289
1227
1328
1289
1266
1188
1289
1453
1406
1305
1344
1438
1367
1375
1219
1336
1359
1305
1195
1242
1328
1398
1312
1211
1359
1414
1305
1227
1414
1422
1344
1258
1375
1320
1281
1164
1297
1328
1289
1180
1266
1359
1352
1195
1211
1477
1344
1266
1211
1375
1375
1273
1195
1398
1359
1328
1195
1242
1258
1219
1141
1180
1297
1297
1258
1211
1383
1320
1281
1219
1438
1422
1297
1227
1430
1414
1312
1203
1398
1375
1328
1203
1273
1344
1281
1203
1195
1352
1391
1289
1141
1281
1383
1234
1219
1461
1469
1414
1359
1406
1391
1281
1352
1383
1281
1273
1359
1367
1312
1172
1289
1383
1289
1195
1195
1406
1305
1211
1195
1328
1336
1234
1188
1344
1391
1258
1148
1273
1289
1258
1266
1344
1336
1227
1266
1414
1344
1219
1203
1352
1328
1203
1148
1367
1352
1203
1258
1289
1266
1203
1234
1297
1297
1195
1188
1289
1266
1172
1172
1242
1289
1195
1156
1273
1320
1312
1148
1203
1328
1367
1195
1266
1258
1320
1203
1266
1359
1328
1273
1242
1398
1312
1250
1219
1289
1227
1141
1211
1344
1359
1273
1148
1242
1383
1258
1172
1336
1398
1242
1180
1289
1344
1367
1203
1211
1289
1344
1219
1211
1391
1328
1258
1188
1305
1375
1266
1211
1312
1344
1312
1195
1234
1367
1336
1227
1148
1266
1320
1195
1195
1414
1344
1289
1219
1359
1320
1312
1273
1242
1406
1281
1242
1148
1258
1398
1312
1180
1320
1359
1242
1109
1195
1312
1375
1266
1320
1430
1383
1211
1156
1180
1070
1047
1344
1555
1312
1109
1414
1461
1383
1258
1477
1500
1430
1312
1492
1398
1320
1211
1328
1352
1445
1273
1453
1406
1266
1258
1414
1352
1250
1211
1305
1359
1312
1203
1289
1289
1266
1211
1188
1352
1305
1156
1148
1414
1367
1297
1203
1367
1461
1242
1219
1398
1391
1266
1320
1359
1344
1281
1297
1398
1328
1273
1250
1336
1320
1250
1133
1211
1234
1148
1172
1281
1266
1195
1148
1188
1219
1250
1164
1273
1344
1234
1195
1219
1289
1297
1203
1141
1297
1305
1281
1172
1391
1312
1281
1203
1320
1320
1289
1219
1258
1344
1320
1234
1148
1336
1352
1250
1172
1273
1352
1258
1156
1250
1344
1234
1211
1312
1227
1320
1203
1352
1461
1422
1305
1484
1438
1281
1266
1398
1359
1266
1289
1320
1336
1219
1172
1359
1328
1180
1219
1422
1281
1219
1383
1367
1305
1172
1164
1273
1359
1320
1219
1312
1430
1359
1266
1211
1297
1328
1234
1234
1336
1320
1156
1258
1328
1320
1266
1180
1352
1336
1195
1352
1430
1328
1172
1227
1398
1430
1266
1211
1375
1328
1227
1289
1336
1273
1219
1336
1305
1289
1180
1289
1359
1273
1164
1234
1305
1266
1195
1219
1289
1297
1297
1195
1234
1320
1266
1258
1102
1250
1375
1320
1211
1109
1266
1492
1266
1391
1430
1320
1188
1289
1305
1273
1211
1211
1359
1305
1266
1234
1352
1258
1164
1398
1367
1297
1172
1242
1398
1273
1211
1203
1375
1398
1359
1234
1359
1383
1305
1172
1211
1414
1352
1172
1336
1461
1359
1328
1273
1453
1391
1250
1336
1414
1320
1203
1242
1391
1328
1234
1250
1359
1305
1227
1203
1297
1305
1133
1227
1375
1391
1234
1344
1352
1336
1242
1312
1266
1281
1203
1117
1195
1352
1289
1172
1352
1414
1297
1219
1273
1352
1297
1172
1211
1367
1227
1398
1406
1328
1273
1430
1344
1336
1281
1156
1312
1367
1336
1188
1320
1398
1250
1148
1320
1359
1359
1219
1320
1398
1328
1195
1281
1281
1297
1047
1047
1273
1500
1375
1547
1453
1430
1391
1273
1359
1422
1328
1242
1312
1289
1242
1195
1125
1312
1422
1328
1227
1242
1328
1258
1188
1219
1477
1445
1273
1367
1406
1375
1086
1008
977
1000
945
953
961
930
953
953
930
961
969
953
977
1008
922
875
867
836
797
797
781
766
758
711
727
719
711
719
703
719
711
711
711
711
719
711
734
750
789
797
852
852
1438
1164
1328
1375
1227
1281
1336
1234
1461
1453
1461
1398
1266
1281
1469
1461
1273
1406
1562
1484
1281
1227
1148
961
961
930
1110
1289
1285
1283
1281
1461
1523
1391
1383
1539
1453
1406
1328
1414
1328
1289
1305
1172
1172
1445
1508
1359
1141
1164
1281
1398
1188
1500
1469
1398
1148
1188
1383
1344
1172
1320
1453
1227
1062
1008
1008
1078
1047
1047
1039
1000
1383
1336
1500
1469
1266
1398
1445
1367
1250
1359
1297
1367
1219
1344
1461
1391
1328
1078
984
1398
1109
992
1047
1539
1273
1242
1586
1500
1297
1367
1344
1305
1234
1391
1367
1359
1250
1266
1523
1438
1344
1234
1336
1398
1352
1305
1164
1352
1320
1273
1148
1297
1469
1359
1258
1320
1461
1406
1219
1008
914
914
961
969
1586
1469
1457
1445
1469
1555
1484
1398
1453
1461
1359
1484
1453
1430
1281
1344
1445
1359
1211
1227
1367
1336
1227
1141
1258
1367
1320
1203
1281
1359
1305
1203
1250
1391
1352
1219
1219
1391
1367
1266
1062
1070
1406
1445
1289
1516
1445
1312
1414
1523
1367
1297
1375
1273
1180
1109
1516
1414
1312
1211
1320
1344
1078
1055
1234
1422
1352
1289
1203
1289
1336
1391
1164
1062
1180
1336
1312
1391
1578
1461
1391
1523
1438
1383
1312
1258
1516
1406
1289
1422
1367
1398
1227
1344
1398
1352
1273
1320
1344
1281
1250
1148
1141
1195
1203
1141
1430
1586
1383
1297
1383
1359
1227
1305
1469
1383
1242
1391
1320
1289
1234
1234
1328
1320
1164
1258
1312
1359
1172
1297
1383
1375
1227
1367
1352
1328
1227
1203
1383
1367
1281
1219
1352
1383
1305
1219
1242
1367
1352
1078
1016
945
922
1555
1523
1477
1383
1266
1453
1492
1461
1258
1445
1367
1227
1141
1273
1422
1352
1242
1336
1500
1438
1273
1367
1406
1328
1219
1320
1344
1367
1297
1125
1258
1430
1344