727
758
797
844
758
734
758
766
742
711
711
742
727
695
703
688
695
734
711
703
680
664
672
680
703
656
633
617
625
609
609
602
617
633
641
633
633
648
758
805
758
719
734
766
758
750
703
664
688
695
711
719
695
719
805
1031
961
789
758
781
820
852
766
781
906
852
852
789
742
742
797
805
820
750
719
719
727
758
758
711
742
859
859
805
789
742
711
773
797
844
820
750
734
828
867
820
844
750
734
781
969
844
828
781
719
727
773
852
859
766
750
781
836
805
812
789
734
719
742
828
820
812
773
719
750
805
836
828
852
758
719
727
719
695
688
711
781
883
875
805
805
758
758
680
656
672
656
688
727
688
672
703
727
680
672
688
695
672
688
742
789
797
789
734
703
703
688
672
672
664
695
766
766
781
766
711
695
719
750
789
789
773
719
688
703
727
750
742
719
695
680
695
727
758
758
773
719
688
695
766
891
914
812
750
758
789
879
969
828
758
805
891
867
914
812
758
750
766
805
867
789
734
773
953
859
859
773
734
758
789
805
805
742
727
773
859
836
773
719
758
797
781
836
734
711
719
789
797
812
750
711
742
836
789
805
812
750
727
859
898
844
773
719
711
695
750
805
781
758
727
734
820
836
914
781
727
750
758
844
766
727
766
805
805
797
742
766
812
844
789
734
758
797
836
844
766
766
875
875
859
836
742
734
805
891
1008
867
766
773
836
883
844
773
844
883
836
797
734
711
742
797
828
828
781
750
836
930
1023
852
758
773
836
859
781
750
758
805
828
883
820
766
844
930
953
797
758
766
859
859
828
766
766
805
812
758
734
703
672
672
648
703
695
680
703
750
766
844
773
750
789
1008
859
750
711
703
742
812
797
758
742
773
883
930
773
734
719
727
766
781
836
875
844
766
727
711
703
695
711
742
812
797
836
750
742
797
828
812
758
742
812
852
828
766
758
844
844
789
742
758
820
977
844
766
820
898
852
773
742
797
953
883
758
727
750
797
844
797
766
906
1047
867
758
734
789
812
914
820
781
1008
1109
953
805
773
820
891
828
750
797
883
836
781
734
773
828
836
844
773
773
1055
914
781
727
766
812
797
758
773
789
734
727
695
703
734
785
836
734
758
828
820
734
734
766
750
734
703
695
711
758
789
820
758
797
836
859
773
773
836
844
875
797
766
805
773
812
758
773
820
836
836
797
812
828
836
797
828
867
883
820
812
828
852
859
812
875
922
883
836
875
906
750
664
672
656
664
672
703
672
664
656
648
625
617
625
633
680
664
672
680
695
750
703
688
703
750
734
703
711
789
1062
859
750
734
773
820
844
773
781
1039
906
820
805
828
844
836
773
758
812
828
883
789
828
836
867
844
781
750
719
758
820
844
750
805
887
969
906
797
750
773
781
734
711
750
766
805
930
1055
820
781
867
1031
820
836
910
984
789
789
828
812
750
742
766
891
859
789
805
852
891
852
766
742
766
812
766
742
758
797
773
742
773
812
758
750
812
805
797
727
719
711
695
727
773
812
727
719
727
703
703
727
727
727
703
680
680
656
656
633
641
625
625
633
633
633
609
641
617
625
609
617
609
617
609
617
617
625
633
641
633
641
656
648
750
961
789
727
703
719
797
766
742
820
914
922
805
734
750
875
852
875
773
727
734
773
797
797
742
727
766
820
875
773
742
766
828
797
750
719
734
781
891
844
758
758
750
727
734
695
672
695
688
688
742
758
734
820
914
820
758
766
797
773
727
742
820
805
750
742
805
859
789
750
797
805
820
781
742
766
781
836
844
742
750
797
852
1047
828
781
852
875
805
773
914
844
781
727
719
727
781
766
758
742
766
906
875
750
734
719
742
750
703
688
719
758
859
766
758
820
828
812
734
719
742
781
727
695
711
734
805
812
773
719
719
781
1070
852
742
711
711
742
805
734
727
766
969
938
758
734
750
742
820
750
750
859
1070
883
758
742
781
758
750
719
711
758
789
742
758
828
922
922
820
797
859
922
977
828
781
844
820
867
797
805
883
945
844
758
758
820
961
875
789
758
773
828
836
773
844
930
859
758
734
750
805
828
781
750
766
836
867
859
797
820
914
875
781
766
766
852
789
758
750
805
891
828
766
750
773
805
766
758
805
938
961
820
812
914
922
805
758
789
852
836
797
758
805
883
781
766
820
797
742
742
766
844
844
766
727
742
820
914
797
758
820
969
898
766
742
789
867
844
773
805
883
930
805
758
781
875
875
781
750
812
852
812
766
750
812
836
812
766
797
859
875
789
773
812
844
898
781
742
781
844
797
773
836
875
836
758
766
805
781
773
750
727
742
828
867
773
828
852
883
859
781
750
773
805
773
742
750
797
867
789
750
734
773
875
836
781
805
906
891
781
750
766
766
836
773
734
758
875
859
812
797
812
859
797
750
773
820
820
781
758
797
805
812
773
773
828
859
805
750
742
773
781
781
750
797
828
828
781
750
773
820
828
773
750
805
867
875
789
742
781
961
906
805
820
820
844
766
719
742
773
781
742
727
812
1047
977
812
734
727
742
805
758
773
836
898
844
773
781
867
1039
922
789
719
742
805
875
836
805
883
891
789
789
836
836
766
750
797
898
906
859
766
750
766
836
797
773
734
773
898
867
789
820
898
867
812
812
797
812
773
750
812
773
766
750
781
836
820
789
836
828
820
781
758
781
805
805
742
734
734
781
750
711
711
711
742
750
781
945
906
828
820
844
875
852
781
828
906
938
781
750
766
734
711
711
758
891
828
742
727
773
852
852
773
836
1031
938
859
781
750
773
852
867
844
773
742
742
781
820
773
742
734
766
859
922
820
797
852
930
961
852
750
719
734
773
812
766
750
719
750
852
805
789
805
984
906
1094
1000
844
820
875
859
805
812
828
844
805
781
883
906
906
805
773
781
789
789
750
750
906
1148
1070
828
766
750
812
820
766
812
898
922
797
812
812
852
836
773
766
805
914
859
750
719
711
766
922
828
750
711
734
789
836
750
742
766
859
871
883
758
734
758
820
789
750
914
1078
875
898
906
914
898
836
844
852
883
906
844
844
844
891
914
891
828
867
859
859
836
789
812
844
867
805
773
812
859
875
852
805
805
836
906
828
758
711
703
781
922
859
836
961
945
828
820
859
875
891
805
836
867
867
844
867
922
961
867
867
891
844
836
758
719
719
812
828
750
781
914
828
805
773
836
883
891
836
859
898
961
914
852
930
953
891
812
836
883
938
914
828
805
828
828
789
758
750
781
836
781
852
1086
992
781
727
734
797
898
797
977
1156
1133
1047
844
781
852
945
938
883
836
883
1000
859
797
781
805
797
742
727
766
1039
1031
820
781
805
836
750
734
758
887
1016
828
766
758
773
742
719
727
766
852
789
805
914
953
836
812
836
938
812
750
781
852
961
898
812
805
844
914
930
812
773
742
750
820
789
742
719
711
766
781
750
727
758
891
828
773
742
727
711
688
680
648
648
625
641
641
625
609
633
602
609
602
609
600
604
609
605
603
602
606
604
603
602
617
633
633
648
609
648
625
625
672
656
672
648
719
1016
1031
1016
1031
1039
1000
883
867
812
836
875
820
766
703
695
742
867
766
734
727
805
852
930
781
797
820
922
922
836
758
734
758
984
984
844
805
812
883
984
828
750
773
906
992
1000
805
758
859
1102
1008
820
797
789
844
922
883
781
750
789
1055
953
836
758
719
719
875
1047
930
758
719
789
899
1008
836
789
805
805
828
789
734
719
719
781
859
844
981
1117
1070
906
867
875
945
898
781
750
734
805
828
922
805
742
727
734
828
1000
812
750
750
812
1055
977
812
781
828
867
852
773
719
711
812
1055
1070
922
820
945
930
914
773
734
734
750
797
844
828
781
797
844
852
852
758
719
742
773
898
766
719
727
836
859
906
805
750
766
836
820
797
953
1109
1086
953
820
820
918
1016
922
812
766
781
805
766
750
742
812
906
812
789
914
953
938
844
750
773
789
828
875
812
750
773
882
992
867
789
734
758
852
906
836
797
930
938
844
766
734
750
805
914
812
734
766
977
1086
906
836
938
969
859
781
836
891
828
797
773
812
820
828
789
828
1086
1070
852
836
844
922
898
820
797
898
922
922
828
750
797
867
953
836
758
812
945
1047
977
852
766
828
891
898
836
766
789
977
984
883
781
773
906
930
969
836
773
836
969
844
789
820
875
938
969
852
805
883
922
852
758
750
766
805
914
867
805
844
953
1062
914
789
812
875
914
859
789
805
883
891
852
773
750
789
844
891
859
773
789
844
867
828
781
859
918
977
820
844
961
1039
961
828
859
1039
1047
891
805
820
852
898
812
828
883
922
938
836
805
906
883
906
805
781
805
852
867
789
750
859
961
938
828
789
859
867
852
789
797
992
1023
945
820
758
789
883
953
891
805
742
812
953
1023
1016
820
805
852
922
852
805
836
992
1008
883
875
906
945
898
852
812
930
891
844
766
828
914
914
836
766
766
812
828
820
758
773
836
906
969
812
797
852
891
891
812
758
758
836
930
828
773
773
898
945
914
820
781
820
922
938
828
781
844
930
969
906
805
867
977
992
867
805
812
891
891
797
773
828
852
867
789
773
805
914
922
844
766
781
820
875
820
773
852
1023
1102
852
750
789
820
883
805
812
852
953
883
812
898
977
906
812
805
852
953
906
812
805
906
930
984
844
773
781
836
906
898
797
828
977
1047
953
828
797
820
883
844
781
797
867
953
852
859
852
891
883
812
781
820
945
891
828
773
820
898
906
812
781
859
898
875
797
766
820
844
922
891
789
781
773
820
820
773
891
1102
1086
898
820
898
1070
1062
914
797
852
906
922
844
773
812
883
914
922
844
789
828
875
898
828
781
852
906
875
797
828
812
812
797
750
766
797
938
867
828
805
938
883
828
781
758
789
844
867
789
828
922
945
859
797
883
914
953
859
789
828
922
922
852
789
828
914
984
914
836
812
852
891
797
773
844
922
914
805
773
828
883
875
789
781
805
852
859
789
812
852
898
938
797
805
836
914
969
844
859
1000
969
898
844
773
797
836
867
797
758
797
859
906
836
805
891
875
852
805
781
836
875
805
844
891
953
852
789
820
867
875
883
820
781
844
914
906
820
766
781
875
898
891
859
781
836
938
914
883
828
781
844
875
852
797
750
812
883
852
781
781
852
883
906
844
781
812
852
867
797
773
805
945
961
867
812
828
914
914
836
789
812
836
938
852
789
812
852
914
836
797
812
859
867
789
742
758
820
953
875
805
766
828
875
875
797
805
812
891
836
797
906
859
875
828
758
797
906
969
875
812
938
1023
961
852
781
828
906
875
836
820
914
914
867
797
875
945
852
844
820
875
828
758
812
859
891
820
758
805
867
852
891
789
773
805
898
922
844
781
852
922
867
805
766
812
859
867
812
773
836
930
898
820
781
844
922
938
867
789
859
930
969
836
797
898
914
922
836
773
805
914
906
898
812
820
844
852
898
797
844
961
930
836
812
883
945
914
812
781
805
867
883
828
766
820
898
906
844
797
797
867
922
867
812
805
906
906
883
805
766
789
859
898
828
766
844
969
961
805
766
820
875
891
812
781
812
891
875
805
789
781
859
867
805
750
828
922
898
805
766
773
828
859
820
820
891
914
906
789
766
797
844
875
797
766
930
1016
969
859
789
812
883
891
836
773
852
969
953
844
859
938
938
891
820
812
852
914
883
828
758
781
812
812
781
766
820
945
977
852
820
859
875
859
789
812
875
906
875
812
789
836
969
883
820
859
1062
977
852
781
812
875
906
836
789
859
961
867
828
906
1016
906
844
789
828
852
875
828
781
805
844
914
820
789
812
836
906
867
805
750
797
883
797
758
789
812
891
898
797
781
812
844
867
805
773
820
852
914
859
797
844
922
914
906
805
789
836
898
938
828
781
820
867
891
898
812
789
820
914
969
898
859
859
898
914
828
805
883
945
875
789
828
859
859
789
805
859
938
898
812
812
828
891
859
797
836
906
867
797
859
859
891
852
773
805
859
867
867
805
781
797
844
867
789
766
781
867
906
867
805
812
906
961
898
820
859
891
812
750
797
844
992
844
805
852
1031
930
828
797
805
938
883
828
781
805
906
953
852
844
914
922
867
797
844
914
914
844
797
805
859
867
820
812
875
867
875
781
797
820
883
859
789
742
758
844
891
859
781
812
1023
945
867
781
781
875
914
883
781
797
914
922
828
828
844
930
922
789
773
805
961
844
797
805
898
930
914
812
773
852
836
859
844
789
805
1016
984
906
797
766
797
836
852
844
805
844
1023
984
844
781
820
875
797
766
820
859
906
805
773
789
891
867
797
781
828
828
844
781
766
797
883
852
820
812
891
922
906
766
719
672
680
680
906
766
727
703
672
664
641
625
625
617
617
602
633
617
664
688
711
844
805
734
750
875
1000
938
812
742
711
727
844
781
781
711
703
703
680
672
680
773
812
836
1016
1012
1008
859
891
1086
938
852
781
742
781
852
922
789
727
688
648
664
664
859
988
1029
1070
1039
1008
875
797
789
789
820
797
719
688
688
766
1086
984
875
938
1039
1016
883
805
789
805
875
891
875
828
773
805
867
898
898
789
734
742
797
875
797
789
867
1078
969
828
742
766
797
859
812
773
945
1047
969
836
781
789
867
914
898
797
781
797
1031
891
812
789
844
1008
977
828
773
773
773
797
766
750
797
859
906
852
781
766
844
844
914
812
750
766
805
844
891
812
781
828
922
875
820
766
766
875
930
914
797
797
820
961
938
812
766
797
883
930
836
820
891
906
875
812
789
859
945
945
852
812
828
930
883
781
758
781
805
812
797
758
781
828
875
875
805
750
789
891
953
867
781
781
852
859
844
781
781
828
922
891
805
836
992
984
875
781
758
805
828
867
828
781
797
867
984
891
781
758
766
859
914
836
766
773
820
891
844
789
773
797
914
906
898
805
750
781
859
930
898
797
773
797
883
906
828
773
781
883
945
828
773
797
922
906
805
797
867
1086
977
812
758
766
844
945
836
766
781
852
945
836
766
781
867
898
820
750
758
852
945
836
789
828
883
953
875
812
844
906
875
828
773
789
828
992
883
773
750
766
820
898
836
773
789
836
922
906
820
781
828
828
867
781
727
727
758
805
852
797
789
844
903
961
828
766
766
820
938
820
781
836
977
969
820
812
828
898
867
812
773
867
1000
969
844
797
805
836
852
789
758
773
820
891
797
750
734
727
703
688
664
641
648
672
750
742
727
695
672
648
641
648
617
633
641
625
625
625
609
609
617
602
602
617
633
672
711
766
781
1023
1039
977
844
828
797
820
867
781
734
695
703
742
742
734
969
1172
1070
867
797
828
867
875
812
742
719
719
750
844
859
781
867
968
1070
906
773
789
820
914
953
867
766
758
828
836
875
797
773
828
1016
898
766
711
711
719
742
773
734
727
727
1070
852
820
844
1016
1008
922
781
781
844
930
938
836
797
938
992
1000
922
828
789
836
883
906
836
773
797
836
953
852
781
836
883
992
859
812
812
828
867
828
773
758
844
898
930
852
805
852
930
922
891
812
805
852
930
898
797
789
844
898
883
836
828
891
961
883
812
875
1008
930
883
820
781
875
875
922
867
781
812
906
914
852
773
805
859
852
805
828
906
906
914
828
766
789
805
812
820
766
773
867
875
859
797
836
891
938
852
766
805
820
891
844
781
828
906
922
844
805
859
1016
930
852
773
812
859
922
883
836
859
930
938
883
789
812
883
867
867
781
844
891
891
859
797
820
867
930
945
844
859
914
961
961
852
797
828
883
914
859
828
852
883
875
820
852
969
984
891
789
797
844
883
852
805
820
867
977
891
812
828
852
859
812
867
1078
1125
945
852
883
906
852
828
930
945
945
875
969
922
953
891
828
805
852
906
883
812
781
773
836
883
914
844
836
812
766
703
688
664
641
648
695
797
766
820
984
1148
977
820
852
891
922
898
828
789
820
914
1008
844
781
789
883
1156
984
930
1133
1109
1062
914
789
789
820
898
977
828
797
828
1047
891
828
789
859
977
938
836
797
836
883
836
789
789
805
852
891
906
820
836
867
875
875
828
781
875
922
922
836
812
844
922
867
836
797
750
789
883
930
883
789
797
867
906
883
820
797
891
898
836
789
773
805
812
859
828
773
852
875
906
852
781
859
906
945
859
797
812
836
875
883
828
812
883
1008
969
844
812
914
898
852
797
781
812
938
992
891
797
789
922
984
953
828
797
828
922
922
844
773
797
852
875
883
812
758
734
766
844
875
805
766
820
922
922
820
836
891
867
867
797
797
906
938
914
805
828
836
914
930
812
789
844
898
922
820
766
805
859
891
781
789
828
875
891
789
766
789
938
898
875
805
781
797
859
867
805
789
836
820
836
852
781
781
789
820
789
773
836
1016
969
852
805
828
875
852
797
758
797
859
852
781
812
875
859
781
828
844
867
836
781
766
781
859
906
844
758
750
812
922
875
789
789
906
992
875
773
789
852
969
906
805
812
805
844
867
812
758
797
875
914
844
789
812
875
953
867
789
820
898
922
883
812
797
875
938
906
859
820
867
805
758
773
836
1008
898
781
812
852
844
922
812
852
891
898
820
766
758
789
812
828
805
781
812
859
891
852
758
766
812
859
820
789
852
945
969
883
797
805
844
867
875
812
812
852
875
898
844
820
867
922
914
828
773
789
891
945
914
805
844
945
969
930
828
773
789
859
820
797
812
922
922
883
789
805
844
867
828
781
820
922
891
844
758
797
852
914
891
797
781
797
906
883
828
789
844
1062
1055
883
797
820
898
859
867
812
781
836
867
867
805
812
836
938
867
781
773
820
883
844
805
773
906
1039
969
852
828
805
844
789
766
820
875
930
805
781
836
852
875
828
805
875
867
906
867
781
828
914
883
797
789
852
875
867
781
766
781
812
898
844
789
828
922
945
938
828
766
820
867
891
852
812
906
984
922
820
805
844
930
875
781
781
828
883
883
828
797
867
977
969
852
812
875
977
945
812
773
805
828
789
773
859
875
852
766
797
898
953
1000
852
797
805
906
828
789
773
914
914
867
797
773
820
859
836
797
766
828
828
875
812
750
766
812
906
852
773
797
836
922
859
773
812
945
938
805
773
797
812
805
789
781
805
945
906
812
766
805
844
836
805
758
781
820
852
875
789
758
773
820
883
852
789
828
898
961
883
797
766
812
836
898
789
781
805
883
891
797
805
852
906
875
812
797
828
836
859
844
789
812
828
844
789
797
828
844
859
812
797
836
891
898
828
805
797
836
852
836
781
781
812
828
820
828
875
930
828
773
758
812
852
812
766
781
922
977
914
812
797
812
867
805
766
797
875
898
820
781
812
906
891
859
773
758
781
828
875
797
750
812
852
844
789
789
797
852
867
812
773
789
852
867
820
758
742
789
859
852
852
789
797
883
875
812
812
836
867
812
766
773
836
867
891
812
844
844
859
812
758
812
805
828
812
758
781
891
953
891
797
805
836
859
812
812
828
891
898
820
766
781
883
930
828
773
805
812
867
820
766
789
805
828
773
750
766
797
867
844
734
773
781
852
859
797
773
820
852
836
773
828
812
836
805
789
852
875
883
844
789
766
766
797
781
773
844
945
922